"Q" "C" "Qworld" "Cworld" "sigma" "N" "score" "pvalue"
"AA" 0.00155278676179518 0.00140845697661278 0.00138998831315863 0.00126223401351721 0.0211052351399416 8446 0.636723565605847 0.524304920807478
"AC" 0.000256405685801842 0.000249475776226647 0.000296913510688844 0.000289428402764521 0.00552266960909051 8446 -0.664847150398371 0.506148261474292
"AD" 0.000315209695035409 0.00028589016915465 0.000184348350602918 0.000166868220155874 0.00481998801058176 8446 2.26937694354247 0.0232454130639758
"AE" 8.16745660905021e-06 7.63270109091679e-06 5.7752946626096e-06 5.3819933443675e-06 0.000492334814982915 8446 0.420130389464277 0.674390203496506
"AF" 0 0 1.99178401148043e-06 1.96032593430566e-06 0 8446 -Inf 0
"AH" 0.000102833910919284 9.14787350895146e-05 0.0001253150568421 0.000111061371754029 0.00253187902308817 8446 -0.710810368275286 0.477201754737779
"AI" 9.74306532714443e-05 9.50642421794487e-05 3.69893901003534e-05 3.61296993502895e-05 0.00241023187551845 8446 2.24717363964151 0.0246289321478735
"AM" 4.63869072021563e-05 4.3146847047574e-05 2.02320901099452e-05 1.87760584863334e-05 0.00173885567257424 8446 1.28804662468013 0.197729733583765
"AQ" 8.80497030857474e-05 7.89491853098598e-05 0.00019772695705432 0.000175899183090338 0.00160232114031175 8446 -5.56062719572212 2.68806855793521e-08
"AY" 0.00188754073147827 0.000940164647303861 0.00190577135691489 0.000950061926422228 0.00466173987068321 8446 -0.195116196253503 0.845301983476291
"AZ" 2.05335590561449e-05 1.63046915473912e-05 4.67976946305248e-05 3.6858876988748e-05 0.000684079500989057 8446 -2.7613358566781 0.00575654448664571
"BA" 0.00508355867430401 0.0034769664939732 0.00637432261937953 0.00436478266691346 0.0206918296108261 8446 -3.94320809894432 8.03988338347116e-05
"BD" 1.76068809676882e-05 1.67048208111016e-05 3.02898004767252e-05 2.87148811198094e-05 0.000738922679848007 8446 -1.49372871612084 0.135246539745197
"BF" 0.000133407870893186 0.000118936828218716 0.000152119477694626 0.00013569402239733 0.00264262251928406 8446 -0.582762649595449 0.560053091889209
"BI" 1.08327333943774e-05 1.06092915249403e-05 8.26552537215794e-06 8.09482263502068e-06 0.000583518369510135 8446 0.396020139856335 0.692090170831933
"BK" 0 0 8.47353196500084e-07 8.25661290076059e-07 0 8446 -Inf 0
"BM" 0 0 1.39603956647355e-06 1.37756529931772e-06 0 8446 -Inf 0
"BP" 1.14790531455808e-05 1.07886645802722e-05 6.69960972802511e-06 6.3073352577832e-06 0.000553883949833706 8446 0.743555890283573 0.457145197126702
"BQ" 5.98816950228514e-06 4.98573978067719e-06 1.66355096632502e-05 1.39411455228384e-05 0.00026801911418328 8446 -3.07075408488795 0.00213518928999145
"BU" 8.9578374066827e-06 8.93810284120211e-06 2.9694526350828e-05 2.96336978197e-05 0.000693422205209919 8446 -2.74287306798381 0.00609042229873147
"BV" 0.00449593808678255 0.00205719656834025 0.00511817102943807 0.00243630438080381 0.00699213963397158 8446 -4.98285420458989 6.2653158333736e-07
"CN" 0.024854510829139 0.0102573661417627 0.023298531841204 0.0100200442122319 0.0169603467768966 8446 1.28596361687855 0.198455759609412
"CO" 0.00545254659121585 0.00400042427150043 0.00552542569458063 0.00401883198433284 0.0125907409212934 8446 -0.134361264219923 0.893116910512862
"CQ" 0.0498408830456407 0.0317152094487954 0.0556218672644912 0.0348999106943605 0.0457086885981955 8446 -6.40317652710122 1.52177070579727e-10
"CT" 0.000159331292964177 0.000105418247690544 0.00021759138969873 0.000142117998803227 0.00177751297163254 8446 -1.89747419700599 0.0577653811500623
"CU" 0.00907727403020922 0.00479234601924538 0.00811301984354872 0.00424613951223092 0.0116791737256429 8446 4.29803838358103 1.72316327988735e-05
"DA" 0.00617376512198605 0.00407726796315373 0.00641944644008942 0.00418369482263549 0.0128616596874321 8446 -0.760465946510378 0.446976117084563
"DB" 0.00308071382939455 0.00229966350759226 0.00341903438651951 0.00252324436717022 0.00938230869588756 8446 -2.19003190639215 0.0285219229313622
"DE" 0.000150169720970057 0.000128979865820299 0.000366226825083344 0.000312854985538813 0.00194414526744548 8446 -8.69200153917799 3.56109256521576e-18
"DI" 5.42398951659432e-05 5.35158715703757e-05 4.36974994387372e-05 4.31623294536107e-05 0.00162947596361345 8446 0.583937726245456 0.559262210072186
"DK" 7.51163499134903e-06 7.47599204289024e-06 1.21072495997553e-05 1.20528501243557e-05 0.000449783952811271 8446 -0.935166687141095 0.349702403460446
"DM" 0.00530770913616361 0.00416597940440249 0.00637818119721692 0.00494350069236105 0.0247862287468451 8446 -2.88288536648723 0.00394050812424874
"DQ" 0.00300919488941678 0.00258304055296454 0.00420894568214781 0.00357736033760887 0.018433712364709 8446 -4.95722707371281 7.15063868394071e-07
"DR" 0.024328069857341 0.0156220281348125 0.0269475247730445 0.017051078177572 0.0291444340431858 8446 -4.50627145343391 6.59766749774837e-06
"DS" 0.0016984187371215 0.00127216907473883 0.00284008926512511 0.00210912901256842 0.00951921955412611 8446 -8.08032567693214 6.45940327537061e-16
"DT" 3.69997632015155e-06 3.65888627495021e-06 8.34740427403974e-06 8.25515320693771e-06 0.000336256999738222 8446 -1.25620190495418 0.209042776271205
"DW" 0.000207765109552905 0.000184345146036388 0.000253844155734038 0.000224231125239389 0.00378570764914294 8446 -0.968275012344151 0.332907040699047
"DX" 0.00129076560361427 0.000911251401188545 0.00176939566978014 0.00123556586422601 0.0053594777381231 8446 -5.56121113944306 2.67908830405879e-08
"DY" 0.000807529555982636 0.000736990122334765 0.000931643288636804 0.000847219815848979 0.00647283595039583 8446 -1.56505476149025 0.117570069628436
"EA" 0.000673643103608142 0.00061238185458779 0.000823993316696495 0.000746679609273743 0.00547238263580859 8446 -2.25537018083848 0.0241101028269884
"EC" 6.87975630602928e-05 6.58919791856937e-05 8.54435351291298e-05 8.16706497648755e-05 0.0015275184739545 8446 -0.949313105457391 0.342461390050686
"EE" 0.000290307208440809 0.000266804825954874 0.000392428128242701 0.000359364382564211 0.00302509358422689 8446 -2.81195256040292 0.00492417652517009
"EI" 0.000136143399607252 0.000130261220535525 0.000181205599896664 0.000173067881164852 0.00241340039109796 8446 -1.63007470933337 0.103085708149231
"EN" 0 0 0 0 0 8446 NA NA
"EO" 0 0 3.12103530983298e-07 3.09255386389034e-07 0 8446 -Inf 0
"EP" 0.00558048003332332 0.00513090631060877 0.00449297289959411 0.00414836923427894 0.0245287118323752 8446 3.68128757536215 0.000232059085005879
"EQ" 0.00689349028899473 0.004774826204569 0.00566341788443326 0.00399035866503666 0.0217005993157492 8446 3.32222305726261 0.000893032726554406
"ER" 0.00119791579742933 0.00102011800895682 0.000715079042883843 0.000613694403993241 0.00764048926347241 8446 4.88858636886919 1.01562637924533e-06
"ES" 0.000228537665022088 0.000220953573501607 0.000257543714000854 0.000249567590000123 0.00346413379423898 8446 -0.759118725481957 0.447781538526529
"ET" 0.000293426973846507 0.00027668056970521 0.000320051724675177 0.000302355305728194 0.0038803979549814 8446 -0.608072353854191 0.543139487220018
"EU" 0.000192002711980803 0.000181659360115354 0.00011173494646195 0.000105982209990631 0.00425863142215718 8446 1.63312810674773 0.102442056365298
"EV" 0.00158232591435165 0.00135031375029906 0.00128626063539365 0.00109800742718421 0.0079361126849584 8446 2.92176880170109 0.00348049796264052
"EW" 0.000328640630135345 0.000316981616283284 0.000234802484814294 0.000227005100620574 0.00442734879435734 8446 1.86771657032109 0.0618015877096011
"EX" 0.000721492587709049 0.000685216913836189 0.000698905166338072 0.000665584684430595 0.00645137592534353 8446 0.279668021185279 0.779732215046093
"FA" 0 0 1.2139560005276e-05 1.20025626110732e-05 0 8446 -Inf 0
"FE" 0.000124540033709242 0.000112058352735644 4.06729850151076e-05 3.6800840476819e-05 0.00377370321562941 8446 1.8327686800794 0.0668369786977121
"FF" 0.000235659158560282 0.000199532813483832 0.000421748038082666 0.000354474357551534 0.00425180920770811 8446 -3.3490347206252 0.00081093632701723
"FI" 2.44275015791838e-05 2.27923721984767e-05 3.31158487203077e-05 3.08104086637523e-05 0.000848991566749581 8446 -0.867940970282491 0.385426648669697
"FS" 0 0 2.19261629225899e-07 1.27777499503038e-07 0 8446 -Inf 0
"FU" 6.17286181535877e-05 5.85490856881372e-05 3.64473945501827e-05 3.45795227841694e-05 0.00202920816720157 8446 1.08557304579558 0.277667930302313
"FY" 0.000306282576316079 0.0002847405230462 0.000639454872001921 0.000592668257982201 0.00644021546941236 8446 -4.39414059212732 1.11211828280145e-05
"GA" 0.000322594357972415 0.000278831106119136 0.000506391018257423 0.000434335670628217 0.00574543220207117 8446 -2.48740197998379 0.0128679908396906
"GC" 8.37145780281185e-05 8.31936547168741e-05 4.34924122930596e-05 4.32217858428991e-05 0.00211584544988354 8446 1.73618520384592 0.0825310926178588
"GM" 0.0020027945314231 0.00137397398057397 0.00255393138138757 0.00177474255732096 0.0112045398656914 8446 -3.28719278205005 0.00101191534234822
"GU" 0.000392631374063768 0.000363702683350773 0.000449421874480158 0.000415913999307581 0.0050236131470983 8446 -0.955155299653557 0.339499167135704
"GY" 0.000116868131365503 0.000115240928164787 0.000176815025293825 0.000174408143629654 0.00282120051187667 8446 -1.92740382050654 0.0539293238751108
"HA" 0.000124188878735539 0.000117284523399793 0.000127656988115381 0.000120895826489762 0.00265526378306816 8446 -0.124991881679532 0.900529977417427
"HB" 3.77670749770743e-05 3.49989924891142e-05 6.33314583073762e-05 5.86255001288571e-05 0.00154277071687987 8446 -1.40741988434972 0.159302918360002
"HE" 0.00027668514078127 0.00021751054682668 0.000239685659582766 0.000190037998241541 0.0031651070414084 8446 0.79769356122581 0.425048341247079
"HF" 5.29464311158542e-05 4.72762918537424e-05 6.3762427225686e-05 5.70355659190616e-05 0.00127757464798697 8446 -0.702031772236138 0.482659349456193
"HI" 0.000364143084671777 0.000316199975272941 0.000352808166372278 0.000308832483337087 0.00390845239007619 8446 0.173236891234907 0.862465226990713
"HL" 0.000763170551617544 0.000641565510774074 0.000808919508253048 0.00067811578235564 0.00642456513318221 8446 -0.522844339313294 0.601082581219204
"HQ" 4.72694442949177e-05 4.55967649366947e-05 7.68568944026235e-05 7.4047426325183e-05 0.00153966417741 8446 -1.69821197889654 0.0894677604764336
"HT" 0.000389432031031227 0.000325056933985582 0.000441736429184305 0.000367521715165227 0.00414493853762362 8446 -0.941534707634011 0.346430911635529
"HY" 0.00769836733735022 0.00501231126408683 0.00669965742043091 0.00433489143061132 0.0205879930660323 8446 3.0239139812237 0.00249527375183636
"IA" 0.0149659806307524 0.00967405462967074 0.0172091738253798 0.0110349385073841 0.0327009682138104 8446 -3.82459978345698 0.000130984688654727
"ID" 3.0864759730495e-06 3.01369097796151e-06 1.42591479815644e-05 1.39102911024509e-05 0.000239602995355248 8446 -4.17949980498046 2.92150970206349e-05
"IF" 4.00918381310739e-05 3.84976357734267e-05 5.94872608969498e-05 5.71726428368316e-05 0.00163520492673197 8446 -1.04957656779241 0.293912835034534
"IG" 0.00434959679767947 0.00319980582219065 0.00431139232899385 0.00316189881627115 0.016123275762287 8446 0.2160686406556 0.828934243467385
"IH" 2.17000878794724e-05 2.1019448224097e-05 4.97817718785762e-05 4.81417605640215e-05 0.000731040014015965 8446 -3.40966021783936 0.000650438603499665
"II" 5.03771905216823e-05 4.8662456172711e-05 4.66793578374729e-05 4.50268413648179e-05 0.00187453981628772 8446 0.178241460736647 0.858533350059716
"IJ" 0.000182607380905368 0.000176326880287038 0.000147632015691106 0.000142828781087438 0.00343289777365367 8446 0.896777765395421 0.369837514762935
"IK" 2.2932763973702e-05 2.24893126077374e-05 2.26332993712472e-05 2.22138173192196e-05 0.00119270319160032 8446 0.0212279146664269 0.983063846613052
"IL" 0 0 3.62052417440366e-07 3.55749243453013e-07 0 8446 -Inf 0
"IM" 2.16011223372985e-05 2.11257674737195e-05 2.71492819811744e-05 2.65373369789733e-05 0.00109360941983541 8446 -0.454764480842496 0.649278686138183
"IO" 1.9409711843418e-06 1.92226464055629e-06 3.29926290991694e-06 3.2686556591089e-06 0.0001766580845093 8446 -0.700427562002429 0.483660328574299
"IP" 7.6386607899903e-07 7.55175098652207e-07 2.78426248819642e-06 2.75160212127558e-06 6.94021433410871e-05 8446 -2.64366301470353 0.00820142627928403
"IQ" 0.00183209010930345 0.00177183333839352 0.00166390498069327 0.00161233677254419 0.0128706187249236 8446 1.1388786461753 0.2547537732331
"IU" 8.05358603360363e-05 7.9116008218232e-05 6.39637281270176e-05 6.28688282538579e-05 0.00197113755840205 8446 0.757506905793121 0.44874623015996
"IX" 7.6386607899903e-07 7.60694936120779e-07 2.52767009699097e-06 2.51737336786803e-06 6.99094042310959e-05 8446 -2.30930984259205 0.0209263938721502
"IY" 0.000360746993592232 0.000311941182008723 0.000303417753604683 0.0002617266710183 0.00553986508390344 8446 0.833020306025747 0.404833277176614
"JA" 0.00045419608563603 0.000430252608536748 0.000766885431546541 0.000725036136045474 0.00567454201790909 8446 -4.77417059881223 1.80449370854714e-06
"JB" 2.0672182642346e-05 2.02435093110792e-05 1.86353953326874e-05 1.82499748254697e-05 0.0007796057972358 8446 0.235003446424438 0.814206058264441
"JI" 0.000386081698677276 0.00033572036355122 0.000253162462958562 0.000221381210004886 0.00483881652547408 8446 2.17160761640584 0.0298852720450778
"JM" 3.81933039499515e-06 3.47679001874197e-06 2.84534852856102e-06 2.59893673171874e-06 0.000319519254902201 8446 0.252493640086209 0.800659529373527
"JO" 0.000106688962633372 9.47410762804506e-05 9.93825084801637e-05 8.87418746944794e-05 0.0033510049856028 8446 0.164529553822817 0.869314283164127
"JS" 0 0 5.24775502777522e-06 4.97114044002065e-06 0 8446 -Inf 0
"JU" 3.21575016017999e-05 2.99602262412959e-05 7.95271694507989e-05 7.39292339326666e-05 0.000816196742538296 8446 -4.95082238356155 7.39005275982653e-07
"JW" 1.19595194186717e-06 1.15647890598364e-06 5.9898657461441e-08 5.7984659631158e-08 0.000106282560030276 8446 0.949863759847994 0.342181483185789
"JY" 0.00143511379071685 0.00127626962938972 0.00094264714810083 0.000835300710328195 0.0136317912577629 8446 2.97290198801276 0.00294998635315343
"KA" 6.96466130852057e-06 6.69637471301152e-06 5.30703708112536e-06 5.09794916374691e-06 0.000615406481774578 8446 0.238701905070036 0.811336739420583
"KI" 0.00364305733664832 0.00310358137534795 0.00371015500302227 0.00313594211814622 0.0306289348081919 8446 -0.0970984118884168 0.922648242033244
"KM" 0.0162497037464664 0.0112065156995705 0.0139576700819131 0.0095312168092173 0.0349032628408431 8446 4.41114985305589 1.02823123842738e-05
"KU" 0 0 9.1407385378519e-06 9.00589780694986e-06 0 8446 -Inf 0
"KV" 5.14779314108042e-06 5.04129355787605e-06 7.50491140743805e-06 7.34781550212014e-06 0.000463300417129183 8446 -0.457530908511646 0.647289491459195
"KY" 5.14779314108042e-06 5.11812849475181e-06 3.87757528354718e-06 3.85499612042514e-06 0.000470361907029948 8446 0.246798355988043 0.805064282875377
"LE" 1.52623979719275e-05 1.50827660699361e-05 3.28319633544291e-05 3.24377072834255e-05 0.000905421798584165 8446 -1.76156121328813 0.0781434620595455
"LI" 0.00527472452833301 0.00268653592178843 0.00531574608524175 0.00273092217344776 0.0109945489558424 8446 -0.371019377394692 0.710623099078765
"LJ" 0.00198439902188899 0.00143391568770972 0.00164256527428425 0.00119641266627901 0.00936665636511571 8446 2.33029063560731 0.019790795363121
"LQ" 0.000548849743750465 0.000470705591867074 0.000363198745625917 0.000311329968005461 0.00619316588789929 8446 2.3650194857862 0.0180291223058574
"MA" 0.00446240660077725 0.00343366861020381 0.00593670028990882 0.00449935475973783 0.015971536741742 8446 -6.13208484248614 8.67348237003885e-10
"MC" 0.00123689779039919 0.000824261209131588 0.000864148137604241 0.000572700703791174 0.00523229986855218 8446 4.41850520698674 9.93858862788032e-06
"ML" 1.9200453710988e-06 1.557725977018e-06 8.02593340739016e-06 6.48427946807781e-06 0.000125746447213949 8446 -3.60058458312794 0.000317502517534614
"MM" 7.45896342690839e-06 7.37101454022726e-06 6.57381958141777e-06 6.49881798333781e-06 0.000523881577405279 8446 0.153005407525275 0.878394010916861
"MQ" 9.9968938332671e-05 8.42146184208161e-05 0.000103411475006537 8.73203595472342e-05 0.00321560473697383 8446 -0.0887622151266792 0.929270887078816
"MR" 5.32796590101823e-05 5.14465889803108e-05 1.84727722291754e-05 1.78623798181764e-05 0.00336340476535557 8446 0.917659424862836 0.35879719638712
"MU" 1.63062626062863e-05 1.49407767032781e-05 5.72072892760668e-06 5.22783752377593e-06 0.000830491320161178 8446 1.07483329241163 0.282449372099872
"MW" 6.31856375149846e-05 5.8568049911956e-05 2.59739431578407e-05 2.41956915253913e-05 0.00160693940544763 8446 1.96578206863653 0.04932378998199
"MY" 0.00366991093366307 0.00265122202356832 0.00327198249612285 0.00240069409618496 0.016590704348026 8446 1.38776797087748 0.165207710831507
"NE" 0.00350399000012814 0.00289059493110783 0.00346007721183814 0.00284791215799607 0.0166305577730578 8446 0.235869263606075 0.813534119468544
"NI" 0.00567320250065095 0.00455176169260325 0.00870059929431603 0.00689029172303535 0.0250911608818706 8446 -8.56540168913305 1.07699722299072e-17
"NM" 4.94119771023941e-06 4.84171879429654e-06 3.36711501749196e-06 3.3022962880088e-06 0.000224386030673197 8446 0.630503576013966 0.528365163861618
"NN" 0.000608205561261625 0.000530591396786561 0.000984351171957393 0.000851086866654593 0.00620106067146917 8446 -4.74986704432266 2.03550431063024e-06
"NQ" 0.000796480425745794 0.000726423138928918 0.000438004582802446 0.00040175552216137 0.00950259002341752 8446 3.1399484564156 0.00168977562636538
"NS" 0.000113946205468717 0.000108870959635041 0.000156276367289233 0.000149100332242497 0.00247306328394821 8446 -1.49497375469524 0.13492129182871
"NU" 9.68560761190259e-05 9.3909329961811e-05 0.000101257343244974 9.82742491203983e-05 0.00278698839569782 8446 -0.143935056559432 0.885551752777762
"OA" 0.000103336061212925 9.79715115641402e-05 0.000127335070423898 0.000120724857861879 0.00191512332761734 8446 -1.0918778826039 0.274886780410621
"OE" 0 0 4.38523109246035e-06 4.34100658792607e-06 0 8446 -Inf 0
"OI" 0.000220169925187387 0.000145236481986825 0.000464547460581048 0.000304475282089782 0.00429528971425177 8446 -3.4070771899953 0.000656625543140767
"OM" 9.06751371872642e-05 8.66605651825364e-05 6.87906984674301e-05 6.58505541502102e-05 0.00305269572752016 8446 0.62649026966275 0.530993417154629
"OO" 3.20997671837088e-05 2.60911625428459e-05 4.22270430169772e-05 3.43208325358324e-05 0.000836869286294817 8446 -0.90375420252962 0.36612575093372
"OP" 0.000222177787594661 0.000172764998830722 0.000151900582555966 0.000117544804355567 0.00467089373286051 8446 1.08648437136859 0.277264751682592
"OR" 8.98854512748761e-06 8.79703516101986e-06 2.09761169276166e-06 2.05444623063058e-06 0.000513301030279713 8446 1.20720238786176 0.22735421109053
"OT" 0.00200270924678662 0.00155464091294993 0.00152311677253454 0.00119742704086088 0.0100356350445065 8446 3.27121429312783 0.00107086731749954
"OU" 2.57389657054021e-06 2.49925320630601e-06 8.68064873788e-06 8.41905806581822e-06 0.000229685332705974 8446 -2.36864331344315 0.0178534620371344
"OX" 0 0 7.47935272627758e-07 6.98026530573804e-07 0 8446 -Inf 0
"OY" 0.00012551322397106 0.000116690036812858 9.02972854982692e-05 8.43189384764205e-05 0.00252120347876835 8446 1.17998116720559 0.238007705290114
"OZ" 1.45698996640709e-05 1.23056249229921e-05 6.33200186172171e-06 5.3639942983353e-06 0.00069889629791007 8446 0.91279719951655 0.361349211478469
"PA" 1.42649689451626e-06 1.37304479198904e-06 2.39834473337226e-06 2.31239480738618e-06 0.000126185347020386 8446 -0.684138543900507 0.493887684893364
"PC" 5.08828258761576e-05 5.02022277272091e-05 6.43758704558413e-05 6.3592235405582e-05 0.00238520279774585 8446 -0.515918444483815 0.605911371291709
"PD" 0 0 5.13898129862106e-07 5.12141310263164e-07 0 8446 -Inf 0
"PE" 5.71000260335545e-05 5.59327972181242e-05 7.20128997837894e-05 7.06521495417372e-05 0.00218495880620196 8446 -0.619114514614837 0.535840922090584
"PF" 0 0 2.03692597936195e-07 2.03398432085208e-07 0 8446 -Inf 0
"PG" 0 0 9.88327848113776e-08 9.8325174221889e-08 0 8446 -Inf 0
"PH" 0 0 7.14453866106344e-08 7.08126074472802e-08 0 8446 -Inf 0
"PI" 9.95433960834711e-05 9.29190804416695e-05 0.000200090594497895 0.0001864003815985 0.00192694252594101 8446 -4.45842562177378 8.25638359855517e-06
"PJ" 8.81464946859634e-06 8.33588344363757e-06 4.09993261154996e-06 3.86882309466587e-06 0.000626265040533229 8446 0.655524894284408 0.512129863828093
"PK" 1.82152680376692e-06 1.79438339527832e-06 1.10927801271484e-05 1.0922826432375e-05 0.000164906528243008 8446 -5.08726545399926 3.63263214192424e-07
"PM" 0.00017525518093077 0.000170178726442353 0.000195123178654971 0.00018929063404014 0.0040539706847276 8446 -0.433260375413987 0.664825621356893
"PN" 0.000476539809275056 0.000467106535062943 0.000440299136469872 0.000432085640904375 0.0055044961000052 8446 0.584702836314524 0.558747546597252
"PO" 0.000820506944318521 0.000779763423499119 0.000650590340604207 0.000618920145430136 0.00608102734330686 8446 2.43081270727275 0.0150649997919413
"PQ" 4.89005060311035e-05 4.86405495226294e-05 6.24945167785144e-05 6.21896713327651e-05 0.00254466832079386 8446 -0.489334123956826 0.624605166040721
"PS" 0.000108449175044471 0.000105109748104868 0.000116215844017614 0.000112773088333168 0.00301851117254829 8446 -0.233319403890915 0.815513392229195
"PT" 0.000469945435692898 0.000382285347636754 0.000523534296038783 0.000425443244954732 0.00390856127732007 8446 -1.01477297055481 0.310214061021314
"PU" 0.000107983722379457 0.000106047015305909 8.46469345008497e-05 8.31804082264173e-05 0.00256415110437048 8446 0.819565471967484 0.412463863876774
"PW" 0.000542829669361018 0.000364571178856599 0.00085604643707309 0.000564737854843403 0.00325327466907141 8446 -5.6545309319117 1.5627245455714e-08
"PY" 0.010693591503609 0.0073468299089014 0.0114750039627319 0.00779666454214054 0.0247443459890052 8446 -1.67071529364162 0.0947779265904669
"PZ" 1.49666882337724e-05 1.4812658038621e-05 2.36329775311352e-05 2.33835602157968e-05 0.000615344456873789 8446 -1.28007019065093 0.200520451326608
"QA" 0.00730079657385271 0.00426589092314791 0.00875201133718875 0.00501504660886046 0.0105519599194433 8446 -6.52475915720105 6.81108883736106e-11
"QC" 0 0 5.81466217306938e-07 5.6688099505877e-07 0 8446 -Inf 0
"QD" 0 0 3.90129413729122e-08 3.85720285055637e-08 0 8446 -Inf 0
"QE" 7.72149065643631e-05 6.51566417249534e-05 0.000286700682597331 0.000240540585719676 0.00160307662598962 8446 -10.0545141322103 8.77532287688437e-24
"QF" 0 0 3.13668156391301e-06 3.07423828424972e-06 0 8446 -Inf 0
"QG" 2.33298999497241e-06 2.29646922057142e-06 8.65128199289672e-06 8.51274359810334e-06 0.00021103807509832 8446 -2.70704139531606 0.00678857920353576
"QH" 0 0 4.40674501104713e-06 4.34600938149132e-06 0 8446 -Inf 0
"QJ" 1.17006309983146e-05 1.10925262095909e-05 4.32647402380423e-06 4.09321718338113e-06 0.000733754111957478 8446 0.876657916445912 0.380672471209304
"QK" 0 0 3.68015431375875e-07 3.61228118229271e-07 0 8446 -Inf 0
"QQ" 2.59085353386474e-05 2.56654674415561e-05 4.46166406640819e-05 4.41850468035201e-05 0.000893103171002794 8446 -1.90570215663808 0.0566888593428307
"QU" 0.00055444895028705 0.000463993308519546 0.000798491185598013 0.000661970397699257 0.00458606590873292 8446 -3.96734694503241 7.26771557746156e-05
"RA" 0.000592498949841238 0.000418628851415582 0.000519680442852399 0.000364159039802812 0.00323998913036675 8446 1.54503335116405 0.122338196517166
"RB" 0.000310313325465354 0.000284368404852045 0.000206096961728785 0.000189563860307716 0.00598626069135479 8446 1.45545596050551 0.145543073781488
"RE" 1.17226972519653e-06 1.16227863047085e-06 1.16051008286607e-06 1.15033308733573e-06 0.000106815488719023 8446 0.0102777300735999 0.991799702223044
"RO" 0.000788219256363004 0.000416547249316342 0.000797921533570232 0.000417599759950061 0.00363356881805942 8446 -0.0266206491052672 0.978762303490627
"RP" 0.000172194976013449 0.000131344339902949 8.10880023253885e-05 6.26542627156829e-05 0.00321093267428165 8446 1.96602186458595 0.0492960850143576
"RQ" 2.59565977354217e-05 2.13372622379168e-05 1.96786425369409e-05 1.60327313618497e-05 0.00151996331246535 8446 0.320729874804234 0.748415105548446
"RT" 0.0933367188402192 0.0422941932514705 0.0975849160276244 0.0450144045071477 0.0550779019073627 8446 -4.53890176662103 5.65479699881111e-06
"RU" 0.337092749432344 0.11766246268215 0.324858879605778 0.1185269504981 0.0404164395507867 8446 -1.96574130427693 0.0493285010154587
"RX" 0.0167123866326819 0.00732593107545962 0.0159316081230218 0.00723296493122073 0.0161463018707404 8446 0.529148159367714 0.596702675363516
"RY" 0.000115269526958802 0.000109571644323324 8.40983616613309e-05 7.99128710499846e-05 0.00208266791239801 8446 1.30875603305553 0.190617004515092
"RZ" 0.000317865011583605 0.000263604845540958 0.000286408747594171 0.00023742841557439 0.00527370216572311 8446 0.456163313875704 0.648272544109649
"SA" 0.0019179033065824 0.00146077450554098 0.00207602450297354 0.00157157548585221 0.0100889826478967 8446 -1.00930346980665 0.312829116569319
"SD" 0.000967742715698559 0.000834686540460375 0.00126187985194498 0.00108307011410867 0.00828260284866901 8446 -2.75601497105624 0.00585103188401556
"SI" 1.2344292447625e-05 1.2063323928486e-05 2.20382306488025e-05 2.15251497758129e-05 0.000558379370935894 8446 -1.55729584074651 0.119400262466393
"SR" 4.72661006590111e-06 4.65335766985498e-06 5.62329784692731e-06 5.53865010226745e-06 0.00030357346054998 8446 -0.268008451221299 0.788692813503335
"SU" 0.00585426166952662 0.00492513772378324 0.00679952263136635 0.00571653302157831 0.0296328043527621 8446 -2.45440513227727 0.0141117894289258
"SY" 0.000561499892243918 0.000543025435564534 0.000513184341670073 0.000496579348590864 0.00886837688572356 8446 0.481316254302057 0.630291746465166
"TA" 3.40705299970437e-05 3.18193912091613e-05 2.59362443044125e-05 2.42276204270723e-05 0.00150593667857794 8446 0.463299588472522 0.64314964072659
"TC" 0.00310133621633131 0.00264892837747613 0.00381355868996116 0.00324581875379289 0.0179446514183009 8446 -3.05692714864787 0.00223618617403118
"TD" 0.00421505515378734 0.00322660016643575 0.00438465717754354 0.00335316409258594 0.0268218779776043 8446 -0.433656933799156 0.664537584421153
"TE" 3.38988390926121e-05 3.33668115362219e-05 1.56695189955547e-05 1.54211269451846e-05 0.00186942093178366 8446 0.882223186803428 0.377656125470868
"TI" 0.000149548101898034 0.000122758478869683 0.000181143053900622 0.000147334439702465 0.00245348843847005 8446 -0.920559849213052 0.357280272714457
"TM" 0.00605035463893925 0.00385386131948076 0.00661419692541075 0.00415681760093815 0.0152652545236888 8446 -1.82390179276975 0.0681669206084029
"TQ" 0.00522060537863507 0.00379031332405931 0.00553757712903277 0.00399974076358875 0.0184150077015448 8446 -1.04517067696621 0.295944093313753
"TU" 0.0334888116289005 0.0177506152071953 0.0367580610613026 0.0193468075387814 0.0355546024045592 8446 -4.12586422651236 3.69345131711036e-05
"UA" 0.000172663262425603 0.000155001351952645 0.000105434154201285 9.50714335641011e-05 0.00403567849033443 8446 1.36474862287024 0.172332071682093
"UB" 0.000188822407021787 0.000183818248297416 0.000177383590796998 0.000172644336555554 0.00306254208620603 8446 0.33531170168556 0.737389967512169
"UE" 0.000570518055921607 0.000525209573418027 0.000372503950917326 0.000343768393318823 0.00504267195123358 8446 3.306744837423 0.00094386825809848
"UF" 0.000453329066993255 0.000439839417529648 0.000334529931474968 0.000324764553968723 0.00525640334310746 8446 2.01195065184305 0.0442251392162292
"UH" 0.000165156651763255 0.000158978586354803 0.000134748841994561 0.000129574050251008 0.00244836667388523 8446 1.10373143397687 0.269709655678034
"UI" 0.000990206862608435 0.000965206072155883 0.000711037899186005 0.000693387721329997 0.0103095861976003 8446 2.42305391497614 0.0153906423179313
"UK" 7.55867376496708e-05 7.39893968339821e-05 8.85722210431201e-05 8.66715950535531e-05 0.00240695933044609 8446 -0.484229588477566 0.628222940278701
"UM" 0.0369644518585479 0.017516877981659 0.0334237833280423 0.0159162987798834 0.0297215256517079 8446 4.94916130993005 7.45339557706283e-07
"UN" 7.496055921346e-06 7.44122791594591e-06 1.07839097848258e-05 1.07092158366618e-05 0.000527480122129885 8446 -0.569376951821025 0.569100354683034
"UP" 2.90992967629406e-05 2.89903673982376e-05 2.70015356391194e-05 2.69104662922906e-05 0.00105380892644396 8446 0.181387080781038 0.856063758724646
"UQ" 1.1664949974862e-06 1.14857564438116e-06 3.34204898087583e-06 3.29186542088988e-06 0.000105554809492311 8446 -1.86607203538846 0.0620312878373616
"UR" 0.000836582066007493 0.000807760853725671 0.000652350302495757 0.000630607446094367 0.00804760373535288 8446 2.02305861336597 0.0430671048379609
"UT" 0 0 6.86678413343636e-07 6.86073891253714e-07 0 8446 -Inf 0
"UU" 3.58832722051514e-06 3.54687126584534e-06 1.7104494596442e-05 1.69154778424499e-05 0.000198588866666926 8446 -6.18666761712141 6.14493408234046e-10
"UY" 4.1416172535743e-05 3.95283309383772e-05 4.83168933836667e-05 4.60309838355141e-05 0.00139754466534134 8446 -0.427612521948372 0.668933247790916
"VE" 0.0512160823684355 0.0267270870004897 0.0441980664328542 0.0236998391856256 0.0554130036269467 8446 5.02067167150866 5.14911081367325e-07
"VI" 0.0166198995611007 0.00771400971515888 0.0146558175148657 0.00708704064191421 0.016045966949308 8446 3.59092028207016 0.000329512418203613
"VJ" 0.00567549648517952 0.00349772291501459 0.00553039770394389 0.00348919434114318 0.011043851357874 8446 0.0709710779069615 0.943420773916331
"VM" 9.10763401883459e-06 8.96663102990972e-06 2.33613000922393e-06 2.30106869065219e-06 0.000824038629833926 8446 0.743386657013121 0.457247620192705
"VP" 0.000214920360958438 0.000170923544404214 9.69784394116877e-05 7.79594225292099e-05 0.00295500347779004 8446 2.8912318107846 0.00383734956799663
"VS" 0.000765224023613065 0.000592054062261279 0.000709869563601449 0.000557623630055539 0.00411079073320997 8446 0.769737498495707 0.441455621560123
"VX" 0.0270590151239066 0.0145346487711727 0.0208230476978664 0.0115789647310228 0.0317357102970955 8446 8.55924232533267 1.13611690804093e-17
"VY" 0.0201043945166127 0.014252869331573 0.0198587551968912 0.0141174246589713 0.0358957881528331 8446 0.346771959762714 0.728762644363991
"WC" 0.00410353194559363 0.00266678251475871 0.00513010648975838 0.00336985914629686 0.0133314337116687 8446 -4.84675809496132 1.2549529360479e-06
"WE" 0.0017119163617451 0.00140334475990148 0.00169501808089471 0.00137480935091114 0.0126322362507299 8446 0.207600980692211 0.835540538566504
"WF" 0.000653841882302538 0.000553475783582061 0.000674493132751486 0.000567902351129547 0.00614353122961836 8446 -0.215809461860087 0.829136272610826
"WH" 0.000881004819099363 0.00076006494837301 0.00161642648140518 0.0013872084744038 0.0121819980279238 8446 -4.73122886843277 2.23164740454454e-06
"WM" 8.66560629486758e-05 7.24952716464107e-05 6.43944115941434e-05 5.40522537113276e-05 0.00185110093192104 8446 0.915645631348337 0.359852789663011
"WQ" 0.00123449708873204 0.00108423406115879 0.00096141298814797 0.000850899229482772 0.0145637741467397 8446 1.47241820120254 0.140907981072377
"WU" 0.00032945615244001 0.000282949211944516 0.000196722389841976 0.000169732417290414 0.0040932736987789 8446 2.54194183509981 0.0110238516874411
"WV" 0.000226386519772962 0.00019123504211921 0.000194450712806611 0.000164333694450042 0.00356838025348336 8446 0.692832813691815 0.488414477038161
"WY" 3.46015175473741e-05 3.09354012406027e-05 5.17724064310583e-05 4.65046458894608e-05 0.000889755322900033 8446 -1.60813493548214 0.107805629336317
"XA" 4.30969465411228e-05 4.13503220271731e-05 4.87666459879009e-05 4.68727805080269e-05 0.00150022550270921 8446 -0.338299576487981 0.735137442837964
"XE" 8.43974085745338e-06 8.17306339605719e-06 4.0869325305278e-06 3.95249538571499e-06 0.000436313394612364 8446 0.888992087659984 0.374007332168896
"XQ" 0.000429604641508487 0.000383747424270697 0.000405759121155471 0.000361374910467309 0.00424547783624081 8446 0.484299192904417 0.628173548656603
"XW" 0.0108712891656125 0.0086061884218759 0.00725120303817138 0.00576508634302046 0.038905193353374 8446 6.71127134774644 1.92935941173737e-11
"XY" 0.000771057821792804 0.000725594742908873 0.000750064243660507 0.000705716699978686 0.00711571343042307 8446 0.25673241921765 0.797385343215298
"YA" 0.00861740112838561 0.00696042340699911 0.0125755656300528 0.0100479592644888 0.026320312138453 8446 -10.7806888873393 4.24693177840438e-27
"YE" 6.51344162170989e-05 6.40788883964695e-05 5.47607331549421e-05 5.39557364513022e-05 0.00227282788124069 8446 0.409331102993009 0.682296693110363
"YG" 0 0 1.52741576526675e-07 1.49844413926491e-07 0 8446 -Inf 0
"YI" 2.95998105612124e-05 2.71280540521295e-05 1.31615902499636e-05 1.21048122340638e-05 0.00249302588560547 8446 0.553812059503372 0.579707474196299
"YO" 0.00232545011861247 0.00161467097023072 0.00360650144723693 0.00248075381584589 0.00999009802246797 8446 -7.967374396968 1.62081056957423e-15
"YP" 0.00039277853787537 0.000328085392554471 0.000549054134943363 0.000452679161223564 0.00400484506860503 8446 -2.85914473930081 0.0042478491901862
"YQ" 0.000141898682074403 0.000135580204016645 5.00703984595024e-05 4.79070099170466e-05 0.00310202829615001 8446 2.59744650842362 0.00939197474692678
"YR" 7.49355531810047e-06 7.35627026190893e-06 1.217748704451e-05 1.19715219033284e-05 0.000395492088174934 8446 -1.07246499079691 0.283511230439145
"YU" 6.67717749193525e-05 5.76925064215238e-05 0.000149026438143898 0.000127878174868646 0.00200372836501668 8446 -3.21910492767526 0.00128591421617367
"YY" 0 0 7.94479792782313e-07 7.83032030517437e-07 0 8446 -Inf 0
"ZA" 0.000713559001458065 0.00062704929936449 0.00123144607332846 0.00107558117906338 0.00985565117091126 8446 -4.18247670758286 2.88350567372616e-05
"ZC" 0.000504672368290748 0.000440260926235606 0.000622728627386588 0.000540687194616493 0.00481213830775511 8446 -1.91793887937852 0.055118761626789
"ZD" 0.00593046066715641 0.00453188265801744 0.00892672651319942 0.00673250211614485 0.0232585972354566 8446 -8.69534802690623 3.45768316577079e-18
"ZE" 0.000961943517481579 0.000790705052015255 0.00131270338179375 0.00106835293820945 0.00924962841945961 8446 -2.7586437757789 0.00580417666243514
"ZK" 9.11597587579951e-05 7.81315333548105e-05 5.12527562566652e-05 4.40340810415893e-05 0.00193435927467277 8446 1.61998252247923 0.105236031345472
"ZM" 0.00726868006999558 0.00555087601189012 0.00762836680912951 0.00583760302041102 0.017834460743232 8446 -1.47752269347101 0.139535579740733
"ZQ" 0 0 1.1604130731329e-06 1.14641147338056e-06 0 8446 -Inf 0
"ZR" 5.53188865895006e-06 5.41552868934312e-06 2.24732313575184e-05 2.19787855252212e-05 0.000286905018749206 8446 -5.30558320154851 1.12313324022918e-07
