"Q" "C" "Qworld" "Cworld" "sigma" "N" "score" "pvalue"
"AA" 0 0 0.000541798944307156 0.000490663214959235 0 211 -Inf 0
"AC" 4.47107216310471e-05 4.38490524746796e-05 2.82119782862262e-05 2.77799842296961e-05 0.00063604062295781 211 0.366983948078219 0.713630991501899
"AD" 0 0 2.33257216466817e-05 2.17200581217208e-05 0 211 -Inf 0
"AE" 0 0 1.03586102231868e-06 9.89436044873749e-07 0 211 -Inf 0
"AF" 0 0 5.84405867498986e-07 5.76572786591426e-07 0 211 -Inf 0
"AH" 0 0 2.24544750694837e-05 2.06719304214323e-05 0 211 -Inf 0
"AI" 0 0 2.46352764742975e-06 2.42338709847183e-06 0 211 -Inf 0
"AM" 0 0 3.232354135111e-06 3.08060064230364e-06 0 211 -Inf 0
"AQ" 0 0 0.000298107507279774 0.000263939046199967 0 211 -Inf 0
"AY" 0.000754994702348097 0.000418339981137891 0.00106012364418576 0.000616243707741894 0.00380518384671511 211 -0.75547405726561 0.449964592575063
"AZ" 0 0 2.74633931872783e-05 2.24911749019958e-05 0 211 -Inf 0
"BA" 0.00427920250117202 0.00269467170376581 0.0114846257403052 0.00746080485233274 0.0187669504713996 211 -3.68904277202566 0.00022509937763309
"BD" 0 0 2.60053050788412e-06 2.52365750789386e-06 0 211 -Inf 0
"BF" 0 0 0.00015587113756298 0.000140337488715823 0 211 -Inf 0
"BI" 0 0 1.01819568256881e-05 1.00245021685342e-05 0 211 -Inf 0
"BK" 0 0 2.1170492168833e-06 2.07177544763316e-06 0 211 -Inf 0
"BM" 0 0 1.43216466835786e-06 1.41165674750424e-06 0 211 -Inf 0
"BP" 0 0 6.1487240726853e-06 5.87334457723669e-06 0 211 -Inf 0
"BQ" 0 0 7.99825995644385e-06 6.91274739917147e-06 0 211 -Inf 0
"BU" 0.000124719381391868 0.00012452890526869 1.14416364684455e-05 1.14293292904767e-05 0.00180860373269947 211 0.908361631221474 0.363687190330525
"BV" 0.000596830512455197 0.000311112870880754 0.0010931546181501 0.000619457075103851 0.00215569671354376 211 -2.07773118234784 0.0377341253313835
"CN" 0.00727803226110224 0.00343082332975697 0.00816902258571579 0.00428097560301688 0.00805307105727954 211 -1.53347399996992 0.125159108042073
"CO" 0.00170883988738306 0.00137107982867394 0.0015711359141938 0.00126247389472691 0.00685014874708162 211 0.230300446638253 0.817858313571175
"CQ" 0.0149667828815759 0.0109438861621783 0.0181105261189343 0.0132723878280715 0.0300431411414626 211 -1.1258290289495 0.260237894339817
"CT" 7.07363655655372e-05 5.00043880957261e-05 9.96568398123166e-05 7.05035081320806e-05 0.000725866102141622 211 -0.410222928665524 0.681642422726168
"CU" 0.0046425851924973 0.00285932751190401 0.00219520276223997 0.00138048280306171 0.0108962468924936 211 1.97145498143626 0.0486718574743788
"DA" 0.00214227583120889 0.00160394390638564 0.00240068518781632 0.00180187787214754 0.00866112928624759 211 -0.331960975692311 0.739918726503497
"DB" 0.000668924558946596 0.000542098079924907 0.00177799009562748 0.00143235830588903 0.00484858492533161 211 -2.66712390333625 0.00765034616091801
"DE" 0 0 0.000121425147059773 0.000109966110605272 0 211 -Inf 0
"DI" 0 0 2.41393190941796e-05 2.3889204992611e-05 0 211 -Inf 0
"DK" 0 0 5.0645101093316e-06 5.04294563629493e-06 0 211 -Inf 0
"DM" 0.0127502877197399 0.00996696443000034 0.0175441965411795 0.0135299708075342 0.0463253978089304 211 -1.11721991842542 0.263900306083604
"DQ" 0.0069298080558708 0.00568984705566999 0.00753295033625412 0.00611749434372815 0.024316241074683 211 -0.255464471496855 0.798364381044456
"DR" 0.00560738706164197 0.00407779606044798 0.00885587091096486 0.00644525197408282 0.0131063266573579 211 -2.62386894892818 0.00869372288974528
"DS" 0.00742743635254005 0.00500986211168624 0.00634352446631275 0.00429779402917863 0.0209512256967688 211 0.493688842182266 0.621525946447921
"DT" 0 0 5.22660052831842e-06 5.19231249349352e-06 0 211 -Inf 0
"DW" 0 0 5.60180369546591e-05 5.15174516081778e-05 0 211 -Inf 0
"DX" 0 0 0.000639053278954281 0.000491457720008116 0 211 -Inf 0
"DY" 0.000392354906378681 0.000369099381846166 0.000354251601454558 0.000332699832672435 0.00311513617326511 211 0.16973061954545 0.865221992532058
"EA" 9.7718278203938e-05 9.16021724819939e-05 0.000303893024080559 0.000284392007796899 0.0013298826118522 211 -2.10577542152628 0.0352238647911745
"EC" 0 0 3.45790461501333e-05 3.36079086745473e-05 0 211 -Inf 0
"EE" 0 0 0.000105946076751678 9.99416980676422e-05 0 211 -Inf 0
"EI" 0 0 5.48543636233514e-05 5.33450265676283e-05 0 211 -Inf 0
"EN" 0 0 0 0 0 211 NA NA
"EO" 0 0 1.21884272346019e-06 1.20962131095275e-06 0 211 -Inf 0
"EP" 0.000981981570294035 0.000917829410252867 0.000404497004897642 0.000381814021031931 0.00684811741052587 211 1.13696550503264 0.255552706254935
"EQ" 0.00175149902254626 0.00120491301566352 0.0101899752900275 0.00699364871759588 0.00694103968658099 211 -12.1143584945349 8.8655053172641e-34
"ER" 0.000326399226416848 0.000285717209198993 5.49198585833289e-05 4.89292780189196e-05 0.00306311368770268 211 1.12289119083131 0.261483709285869
"ES" 0.000134132164893141 0.000130820565086289 1.4453384000232e-05 1.41698850140466e-05 0.00189708499908042 211 0.893185600116044 0.371757788210864
"ET" 8.94214432620942e-05 8.55382384359653e-05 8.96090793027364e-05 8.60419190759744e-05 0.00124059412467137 211 -0.00589748392486065 0.995294515905157
"EU" 0 0 0.000164665877880281 0.000155846035593657 0 211 -Inf 0
"EV" 0.000850749244343123 0.000749564626486837 0.000621928444638436 0.000551540079231641 0.00495131489506155 211 0.580951274886825 0.561273293206371
"EW" 6.58241179568194e-05 6.4067297426947e-05 4.22311973084473e-05 4.12803297892209e-05 0.000930276978840649 211 0.355807820453792 0.721984491992968
"EX" 0.000342268282830775 0.000328642717640918 9.49029066997441e-05 9.16638473453532e-05 0.00336468413201351 211 1.02307283306129 0.306273410698371
"FA" 0 0 9.16242394267159e-06 9.08129057149313e-06 0 211 -Inf 0
"FE" 0 0 8.59643068653925e-05 7.70113567261021e-05 0 211 -Inf 0
"FF" 0.00196891844689482 0.0014923873051166 0.00156155380010257 0.00117152037353073 0.0138844831055405 211 0.33568850695259 0.737105773540736
"FI" 0 0 1.33337429094489e-05 1.27592054026426e-05 0 211 -Inf 0
"FS" 0 0 1.80665339860411e-07 1.17100529271285e-07 0 211 -Inf 0
"FU" 0 0 2.93970779881083e-05 2.75104088266098e-05 0 211 -Inf 0
"FY" 0.000980552377839516 0.00089883464712638 0.00118639590812955 0.00108447964343842 0.0130428402346635 211 -0.206753229179268 0.836202584545335
"GA" 0 0 0.00112976401024442 0.000956024208828193 0 211 -Inf 0
"GC" 0 0 5.98221142045862e-06 5.96011099089598e-06 0 211 -Inf 0
"GM" 3.59040643400833e-05 2.52398192975656e-05 0.00141483338851615 0.000994780800965133 0.000366432104690161 211 -38.433849185884 0
"GU" 6.58241179568194e-05 6.27369826793578e-05 3.99164721170541e-05 3.80964775561842e-05 0.000911256730501551 211 0.392780650566594 0.694481497093036
"GY" 0 0 0.000141774517277263 0.000139743680860363 0 211 -Inf 0
"HA" 0.000124719381391868 0.000118390203408444 0.00014071467190548 0.000133184408737029 0.00171882777038824 211 -0.125026049220108 0.900502927847283
"HB" 0.000152881822351322 0.000140174222573813 0.00021976720761717 0.000199692182733574 0.00203516283141573 211 -0.424805473204024 0.670978487472603
"HE" 0.000152881822351322 0.000116955776371473 0.000522951263869937 0.000404806501590478 0.00169832564721722 211 -2.46199738592712 0.0138165673764217
"HF" 0 0 0.000141010101434456 0.000124976257692178 0 211 -Inf 0
"HI" 0.000249438762783737 0.000220173609579926 0.00030064749775225 0.000265417403122758 0.00319503534714167 211 -0.205695396589801 0.837028854660483
"HL" 0.000819136821207881 0.000649447658682963 0.0041120509656285 0.0031958824121104 0.00467924601217677 211 -7.90492769006408 2.68089175749808e-15
"HQ" 0 0 7.38302757937544e-06 7.21392787999421e-06 0 211 -Inf 0
"HT" 0 0 8.83271218663663e-05 7.84439831168459e-05 0 211 -Inf 0
"HY" 0.000874160318849649 0.00064083290197442 0.00118728212057208 0.000881897865653083 0.00493581717527844 211 -0.709440957344426 0.478050878821999
"IA" 0.00673194192256943 0.00467358822525366 0.00860092816491347 0.00599767150163764 0.02939631984552 211 -0.654279877813597 0.512931507396952
"ID" 0 0 4.65185333921754e-06 4.5831030865533e-06 0 211 -Inf 0
"IF" 0 0 1.988297042763e-05 1.93557112603455e-05 0 211 -Inf 0
"IG" 0.00626118303483237 0.0045653711109549 0.00278915399442541 0.00206860006988403 0.0188231296641541 211 1.92676217638821 0.054009275204718
"IH" 6.58241179568194e-05 6.44355593536738e-05 1.5236968828077e-05 1.48925386163907e-05 0.000935756084929884 211 0.769061464508546 0.441856823226741
"II" 6.58241179568194e-05 6.44018154485706e-05 1.74800882559562e-05 1.70882738028609e-05 0.000935262051135552 211 0.734840989028847 0.462436340672678
"IJ" 0 0 7.03419306546887e-05 6.83681694184857e-05 0 211 -Inf 0
"IK" 0 0 9.52184719530452e-06 9.40125564633833e-06 0 211 -Inf 0
"IL" 0 0 3.26587345132281e-07 3.22972495373009e-07 0 211 -Inf 0
"IM" 0 0 1.26462785226695e-05 1.24519902242795e-05 0 211 -Inf 0
"IO" 0 0 1.43903716977516e-06 1.43125440952604e-06 0 211 -Inf 0
"IP" 0 0 9.9518738356526e-07 9.88339457972811e-07 0 211 -Inf 0
"IQ" 0.00171204877968953 0.00166611498897145 0.000279161969174976 0.000273324970195152 0.0147876226698011 211 1.36813361348481 0.171270256870756
"IU" 0 0 5.88942701540055e-05 5.81799309807646e-05 0 211 -Inf 0
"IX" 0 0 1.28520819853646e-06 1.28214307616711e-06 0 211 -Inf 0
"IY" 0 0 1.10441473408796e-05 1.00537622677989e-05 0 211 -Inf 0
"JA" 0.000545012823618326 0.000523775717527093 0.000288585245837262 0.000276784828656487 0.00418378259652513 211 0.85753736358701 0.391147974704939
"JB" 0 0 1.54331547429046e-05 1.51880506077121e-05 0 211 -Inf 0
"JI" 0 0 0.000170452906014221 0.00014854123109707 0 211 -Inf 0
"JM" 0 0 8.47956212470619e-06 7.58826744998523e-06 0 211 -Inf 0
"JO" 0 0 0.000264524395184507 0.00023124422363205 0 211 -Inf 0
"JS" 0 0 2.1076713842922e-06 2.00714202315213e-06 0 211 -Inf 0
"JU" 0 0 5.7737657464953e-06 5.50379361218454e-06 0 211 -Inf 0
"JW" 0 0 4.46908998602069e-07 4.33884524286265e-07 0 211 -Inf 0
"JY" 0 0 0.000145883173002369 0.000133655330465249 0 211 -Inf 0
"KA" 0 0 2.47734858705335e-06 2.42059119277735e-06 0 211 -Inf 0
"KI" 0.00213072094007638 0.00176160792811628 0.0045668744612718 0.00372834184427192 0.0162105036999181 211 -1.76234254295177 0.0780114400489262
"KM" 0.0211690138458839 0.0160196705540641 0.0146482011892006 0.0111139470942413 0.0552668536865018 211 1.28937590309423 0.197267434585862
"KU" 0 0 5.34755673294757e-06 5.279316801163e-06 0 211 -Inf 0
"KV" 0 0 3.69185694497361e-07 3.64714867862403e-07 0 211 -Inf 0
"KY" 0 0 6.43798436495631e-07 6.41599255266758e-07 0 211 -Inf 0
"LE" 0 0 1.18629911354862e-05 1.17776391301918e-05 0 211 -Inf 0
"LI" 0.0032569230104352 0.00162825346075518 0.0067463070819868 0.00350063853816338 0.00676905832917118 211 -4.01798343943643 5.86983213670228e-05
"LJ" 0.000886454922502212 0.000615226243115807 0.00351225220580222 0.00243589851717751 0.00387508510787866 211 -6.82482879030776 8.80302377750618e-12
"LQ" 6.81918919840431e-06 5.62334176420398e-06 0.00151712707137251 0.00122110463297877 8.1678522218225e-05 211 -216.163137144435 0
"MA" 0.00271998546871043 0.00209210270624173 0.00727344285669337 0.00549555865697917 0.010350032565337 211 -4.77660848210961 1.78276396190097e-06
"MC" 0.000155245561218914 0.000115212763141706 0.000235967572313731 0.000177136090149106 0.00119427988873336 211 -0.753163717993259 0.451351538903287
"ML" 0 0 3.93342680655631e-05 2.89332404975737e-05 0 211 -Inf 0
"MM" 0 0 1.4306982769641e-05 1.41467616531309e-05 0 211 -Inf 0
"MQ" 0 0 9.31734692973427e-05 7.99290996693075e-05 0 211 -Inf 0
"MR" 0 0 2.6300862501803e-05 2.54277648277705e-05 0 211 -Inf 0
"MU" 0 0 3.35544075384547e-06 3.16294951783636e-06 0 211 -Inf 0
"MW" 0 0 7.0819172258489e-06 6.61211186271855e-06 0 211 -Inf 0
"MY" 0.00251404037884457 0.0018441499572581 0.00341452757115404 0.00252673321105864 0.0151975772182243 211 -0.652412837787054 0.514134884835788
"NE" 0.00465489689283378 0.00373607101394103 0.00837921463650146 0.00657515985969941 0.0171048325701564 211 -2.41102316801873 0.0159078378929412
"NI" 0.00140364236574536 0.00115174783712335 0.00634007048959633 0.00512419533121828 0.00804335080414209 211 -7.17401669084483 7.28287256681697e-13
"NM" 0 0 7.20927576421401e-06 7.03946659176122e-06 0 211 -Inf 0
"NN" 0.000297293543739041 0.000260199658921652 0.00228502867899796 0.00196504583822412 0.00257258507540609 211 -9.62623993898275 6.19551369680768e-22
"NQ" 8.94214432620942e-05 8.2520638392306e-05 0.000312375389882808 0.000287357961883491 0.0011980498613207 211 -2.4835644056039 0.0130074810257175
"NS" 0 0 4.38645681777084e-05 4.25228018939641e-05 0 211 -Inf 0
"NU" 0 0 7.98698400886083e-05 7.75203525646678e-05 0 211 -Inf 0
"OA" 0.000676107055632311 0.000648790695176311 4.15428751387398e-05 4.00353264339768e-05 0.00541337830360424 211 1.63348689284385 0.102366635170001
"OE" 0 0 1.85523250966524e-06 1.83703322412203e-06 0 211 -Inf 0
"OI" 0 0 0.00050229419983677 0.000344758452462871 0 211 -Inf 0
"OM" 0 0 0.000138284857264306 0.000131965497643681 0 211 -Inf 0
"OO" 0 0 0.000131373861419201 0.000102682783748908 0 211 -Inf 0
"OP" 0 0 0.000294900500993688 0.000232096852849482 0 211 -Inf 0
"OR" 0 0 2.44767671110642e-06 2.40039067482488e-06 0 211 -Inf 0
"OT" 0.000830847882397992 0.000664784616951814 0.00105236362938865 0.000862507584132433 0.00398050311722187 211 -0.721539944185188 0.470577373855726
"OU" 0 0 3.84719805753667e-06 3.7768612455021e-06 0 211 -Inf 0
"OX" 0 0 7.55489021446354e-07 7.12975821974205e-07 0 211 -Inf 0
"OY" 0 0 2.01528883913272e-05 1.90879629264914e-05 0 211 -Inf 0
"OZ" 0 0 6.49148982451831e-06 5.5894998737563e-06 0 211 -Inf 0
"PA" 0 0 4.59996895611782e-06 4.45560971056978e-06 0 211 -Inf 0
"PC" 0 0 3.73394596080556e-05 3.69439164322567e-05 0 211 -Inf 0
"PD" 0 0 6.05228888532376e-07 6.02896394846245e-07 0 211 -Inf 0
"PE" 0 0 1.37865143651578e-05 1.36080870084014e-05 0 211 -Inf 0
"PF" 0 0 1.0483050584493e-07 1.04681662321909e-07 0 211 -Inf 0
"PG" 0 0 0 0 0 211 NA NA
"PH" 0 0 2.57311241619373e-07 2.55297190580512e-07 0 211 -Inf 0
"PI" 0 0 2.90657590932213e-05 2.77972546978559e-05 0 211 -Inf 0
"PJ" 0 0 4.60875541839812e-06 4.44271409823139e-06 0 211 -Inf 0
"PK" 0 0 5.19703581464068e-06 5.14842862264042e-06 0 211 -Inf 0
"PM" 0 0 8.46649047010796e-05 8.31001965500973e-05 0 211 -Inf 0
"PN" 0.000339784353851272 0.000335073404845734 9.35526070188284e-05 9.24279266227401e-05 0.00305976467050903 211 1.15192818452982 0.249350585357167
"PO" 0 0 0.00029723341637564 0.000286880506965832 0 211 -Inf 0
"PQ" 0 0 1.51711816866855e-05 1.51311502643583e-05 0 211 -Inf 0
"PS" 0 0 0.000100592989269614 9.79103883775472e-05 0 211 -Inf 0
"PT" 0.00103219298163112 0.000817874317406839 0.000718906630548478 0.000566652184421137 0.00497905319978957 211 0.732912889699842 0.463611560960323
"PU" 0 0 2.87199933829679e-05 2.839266828892e-05 0 211 -Inf 0
"PW" 0.00107901086682298 0.000726849378521427 0.00126106694267299 0.000834667162160867 0.00592494546786775 211 -0.264330495524811 0.791525263640485
"PY" 0.0263283966325896 0.0162946048424685 0.0334712708968167 0.0202910328665664 0.0309939338128034 211 -1.87299458626074 0.0610691325748231
"PZ" 0 0 1.41553941521801e-05 1.4072051412972e-05 0 211 -Inf 0
"QA" 0.00614401611580655 0.00381605504980619 0.00843284478495015 0.00520217819691106 0.0128641713650968 211 -1.56516896128052 0.117543297254313
"QC" 0 0 2.193725937207e-06 2.14946721403658e-06 0 211 -Inf 0
"QD" 0 0 0 0 0 211 NA NA
"QE" 0 0 0.000325755830225283 0.000281567114475298 0 211 -Inf 0
"QF" 0 0 4.90746860107666e-06 4.84023095374721e-06 0 211 -Inf 0
"QG" 0 0 4.70244643078377e-06 4.65967307086674e-06 0 211 -Inf 0
"QH" 0 0 2.45310500545039e-06 2.43270300273856e-06 0 211 -Inf 0
"QJ" 0 0 1.64361652124952e-06 1.58541528854356e-06 0 211 -Inf 0
"QK" 0 0 2.71877272458994e-07 2.67799529278946e-07 0 211 -Inf 0
"QQ" 0 0 2.28393517922331e-05 2.26871253444174e-05 0 211 -Inf 0
"QU" 0.000364564345607 0.000320065201103297 0.00131314589235962 0.00113997158918171 0.00464454241866643 211 -2.56426298927154 0.0103395168251353
"RA" 4.8859139101969e-05 3.76459877138066e-05 0.00018834832912618 0.000146135019771049 0.000546290981761013 211 -2.8847157843903 0.00391767171015378
"RB" 0 0 1.53225872912491e-05 1.43439735842203e-05 0 211 -Inf 0
"RE" 0 0 7.03670397687684e-07 6.99849617717324e-07 0 211 -Inf 0
"RO" 0.000258593743399988 0.000158632942946452 0.000232075641757778 0.000145108646158049 0.00145282894438299 211 0.135220157281922 0.892437810254689
"RP" 0 0 1.91182161631914e-05 1.54974827851359e-05 0 211 -Inf 0
"RQ" 0 0 3.27507208130208e-05 2.83453236145204e-05 0 211 -Inf 0
"RT" 0.334207187717974 0.116054804325939 0.283769150666139 0.113769494697525 0.0379582120123985 211 0.874541715045553 0.381823313124132
"RU" 0.194894701114768 0.0766136078446894 0.140011801266225 0.0639016869668162 0.0422239016632288 211 4.3731467099954 1.22468362256555e-05
"RX" 0.0271985701561955 0.0115369523980563 0.0163987840356711 0.00805222128542016 0.0195806708052566 211 2.58513325541002 0.00973413683449559
"RY" 0.000653061576843723 0.000619206597395213 6.32577847010866e-05 6.0289320017759e-05 0.00554160675733948 211 1.46505206286017 0.142906713949953
"RZ" 0 0 0.0012064178884896 0.000936789773140855 0 211 -Inf 0
"SA" 0.00148387583831147 0.00116510580505734 0.00175293584307515 0.0013640720067901 0.0106217111126044 211 -0.272098439826783 0.785546329142698
"SD" 0.0029385193153379 0.00248642077455413 0.0020937469036838 0.00176000514128249 0.0154565720003379 211 0.68267378882031 0.494812995925844
"SI" 0 0 8.10134906467045e-07 7.99576749060915e-07 0 211 -Inf 0
"SR" 0 0 1.69825419468786e-07 1.68289363720149e-07 0 211 -Inf 0
"SU" 0.00310070246286275 0.00263528892191574 0.00438627067989154 0.00375556988285612 0.0189447745889547 211 -0.858971472523084 0.390356255106635
"SY" 0.000671174100656625 0.000651397181369185 0.000124194375106732 0.000121099006656049 0.00499055602991199 211 1.54352057892506 0.122704518350637
"TA" 0 0 7.83809628317474e-07 7.53117754650931e-07 0 211 -Inf 0
"TC" 0.00675229620156843 0.00513878089926041 0.0242285390029068 0.0183337666310716 0.0299781416355679 211 -6.39359975307995 1.62025209582093e-10
"TD" 0.00253095524646511 0.00183002346160672 0.00861216188072799 0.00630467917977533 0.0222237588816729 211 -2.92471355075206 0.003447734276672
"TE" 0 0 4.70504858975678e-06 4.66147880146741e-06 0 211 -Inf 0
"TI" 0 0 0.000168226527966719 0.000143712817556662 0 211 -Inf 0
"TM" 0.00837284204624617 0.00530424480353406 0.00928383465314144 0.00591128941379309 0.0181949331602981 211 -0.484631200614025 0.62793797737002
"TQ" 0.0263216692436227 0.0169900591039795 0.021388173886351 0.0138843953754024 0.056541092151115 211 0.797868766538478 0.42494665015026
"TU" 0.006711570798135 0.0039164587561037 0.020083765400208 0.0118294680485289 0.0132253214187016 211 -8.69113843928022 3.58825468528008e-18
"UA" 0 0 1.92554707844419e-05 1.77226512366763e-05 0 211 -Inf 0
"UB" 0.00138734050402682 0.00135975676462639 5.98877873879917e-05 5.88706524306966e-05 0.0109355527033003 211 1.72798419943263 0.0839910572074604
"UE" 4.93680884676145e-05 4.55865134987148e-05 0.000146802191862457 0.000137115901365117 0.000661833105703311 211 -2.00887677678796 0.0445502033414031
"UF" 0 0 5.07107879494212e-05 4.97353411624668e-05 0 211 -Inf 0
"UH" 7.76940408670655e-05 7.57930876083556e-05 3.38608017371834e-05 3.30637172295321e-05 0.00110028502204635 211 0.564108339418834 0.572680402924762
"UI" 0.000124719381391868 0.000122497227212126 9.05420514191654e-05 8.91322376924736e-05 0.00177916211141514 211 0.272406018785775 0.785309845311867
"UK" 0 0 3.2322525719184e-05 3.19146210286671e-05 0 211 -Inf 0
"UM" 0.0159537192259318 0.00876191543143611 0.00816803897700173 0.00472051667245537 0.0270732590489708 211 2.16836501984565 0.0301309249679512
"UN" 7.76940408670655e-05 7.72348352824622e-05 2.83451599862242e-06 2.82167301001216e-06 0.00112140893783148 211 0.963888891583608 0.33510163369866
"UP" 7.76940408670655e-05 7.7473176683387e-05 1.0091652673909e-05 1.00725979876327e-05 0.00112499954846161 211 0.870266978420662 0.384154520418867
"UQ" 0 0 1.17888353305761e-05 1.16060560760197e-05 0 211 -Inf 0
"UR" 0.000187345566492486 0.000182605617376219 9.63528170869228e-05 9.42180373386018e-05 0.00195221762559209 211 0.657664260628724 0.510753892360281
"UT" 0 0 1.01916300769402e-06 1.01808747699753e-06 0 211 -Inf 0
"UU" 0 0 1.70741193294402e-05 1.6892410344573e-05 0 211 -Inf 0
"UY" 0 0 3.00984386166432e-05 2.91609544230919e-05 0 211 -Inf 0
"VE" 0.0365896146845614 0.0189537954115486 0.0575780916363029 0.0310496955790157 0.026775246974737 211 -6.56214671405014 5.30385911010995e-11
"VI" 0.00465342865846396 0.00230745612741517 0.00949730111935696 0.00506194259758786 0.00782878312471362 211 -5.11078496921534 3.20822981473266e-07
"VJ" 0.000914348370491759 0.000592555726724428 0.00267885859583767 0.00176425675908984 0.00314367317172453 211 -5.41402991877385 6.16218629428897e-08
"VM" 0 0 4.6647896602301e-06 4.58625302003105e-06 0 211 -Inf 0
"VP" 0 0 0.000245568345811887 0.000193445479048307 0 211 -Inf 0
"VS" 0 0 0.000182386848648427 0.000151780457387435 0 211 -Inf 0
"VX" 0.00604224671867028 0.00359703203728703 0.0053046456735978 0.00339025389380573 0.0125088858130148 211 0.240119389960689 0.810237702865749
"VY" 0.0361719060154699 0.0239225903597883 0.0272176023965868 0.0188167724170664 0.0478238334043999 211 1.55082276673033 0.12094416306787
"WC" 0.0108179169074024 0.0063145346790592 0.0100750829690038 0.00612453787085011 0.0196526046267737 211 0.140432431617866 0.888318335014061
"WE" 0.0157889490523913 0.0122529973084378 0.00413510742164958 0.0031947273133571 0.0532020548238718 211 2.47319342123868 0.0133911644876191
"WF" 0 0 0.000334654838865613 0.000291766533914409 0 211 -Inf 0
"WH" 0.000993396065880036 0.000842619194897101 0.00408634512838097 0.00343734198444747 0.00700195491922813 211 -5.38285750845968 7.33125729949839e-08
"WM" 0 0 0.000184095505838109 0.000148982530058633 0 211 -Inf 0
"WQ" 0.000178842886524188 0.000160429849159351 0.000668863915058145 0.000597528096725048 0.0023285723035064 211 -2.72665735223818 0.00639794392422847
"WU" 0.000124719381391868 0.000106734397191398 0.000312667456551895 0.000264076948673123 0.00154970723344226 211 -1.47481571269843 0.140262095689774
"WV" 0 0 0.000602578392289793 0.000488255843860449 0 211 -Inf 0
"WY" 0 0 0.000151274134250635 0.00013252846828016 0 211 -Inf 0
"XA" 0 0 8.88831002241855e-05 8.50803573159241e-05 0 211 -Inf 0
"XE" 0 0 7.65471038478306e-06 7.50098148187299e-06 0 211 -Inf 0
"XQ" 7.76940408670655e-05 7.14392344716214e-05 0.000267649960822825 0.000246600639753427 0.00103689850722192 211 -2.45382393988597 0.0141346165986298
"XW" 0.0128107629447569 0.00979289967010581 0.00668184330544966 0.0051593532072016 0.0415548983893758 211 1.61969232852377 0.105298384952509
"XY" 0.000517705622888165 0.000493512212492129 0.000636648731085361 0.000606007966447128 0.00409433757522994 211 -0.399111012543838 0.689811408194667
"YA" 0.0509125041062355 0.0349834127190911 0.0595108383932021 0.0405035578904253 0.0462598844565636 211 -1.73335366512834 0.0830328277637104
"YE" 0 0 9.66221596269663e-06 9.58530212109976e-06 0 211 -Inf 0
"YG" 0 0 2.70176803700341e-07 2.65767927246979e-07 0 211 -Inf 0
"YI" 0 0 2.03439462612828e-05 1.86655114612709e-05 0 211 -Inf 0
"YO" 0.000667469905763358 0.000500568119614332 0.00180405207500331 0.00134775736238395 0.00424562993970384 211 -2.89854150197448 0.00374902688072418
"YP" 0.000514476066219718 0.000406209683880044 0.000719330391775684 0.000556999452502372 0.00342232143420269 211 -0.640018172154005 0.522160785291376
"YQ" 0 0 9.33838081436083e-05 8.85457664319451e-05 0 211 -Inf 0
"YR" 0 0 6.97180948568702e-06 6.88752145188039e-06 0 211 -Inf 0
"YU" 0.000526592943654555 0.000459291031421648 0.000350458428338863 0.000300871609975169 0.0066664554733566 211 0.345187187845454 0.729953650114522
"YY" 0 0 2.18294961837594e-06 2.15478698845104e-06 0 211 -Inf 0
"ZA" 0.000234534613834415 0.000203909764682448 0.00202157281213527 0.00174133738672529 0.00272933412456333 211 -8.18237165695323 2.78311103550899e-16
"ZC" 0 0 0.000359265322051761 0.000318987034943198 0 211 -Inf 0
"ZD" 0.0132320089603153 0.0095181219839916 0.0235350231732077 0.016761164308121 0.0296477576070732 211 -3.54870909295979 0.000387124507405214
"ZE" 0.00152118813256254 0.00130712846060894 0.000921341310630331 0.000783943156953516 0.0127229533029396 211 0.597322440109102 0.550292125193669
"ZK" 0 0 0.000110818851569491 9.15504546281443e-05 0 211 -Inf 0
"ZM" 0.000718007557678251 0.000591686813611265 0.000787841692005923 0.000658491703628139 0.00443245929321633 211 -0.218929721786347 0.82670479340415
"ZQ" 0 0 5.56954332666449e-07 5.52711466453188e-07 0 211 -Inf 0
"ZR" 0 0 1.12752016697691e-05 1.11110012227572e-05 0 211 -Inf 0
