"Q" "C" "Qworld" "Cworld" "sigma" "N" "score" "pvalue"
"AA" 0.000329970269220918 0.000299274584916716 0.000541798944307156 0.000490663214959235 0.00496343070709329 1256 -1.36656089912404 0.171762980178732
"AC" 0 0 2.82119782862262e-05 2.77799842296961e-05 0 1256 -Inf 0
"AD" 2.21160651096957e-05 2.02925331236296e-05 2.33257216466817e-05 2.17200581217208e-05 0.000719110484239092 1256 -0.0703530485748411 0.943912660410633
"AE" 0 0 1.03586102231868e-06 9.89436044873749e-07 0 1256 -Inf 0
"AF" 0 0 5.84405867498986e-07 5.76572786591426e-07 0 1256 -Inf 0
"AH" 0 0 2.24544750694837e-05 2.06719304214323e-05 0 1256 -Inf 0
"AI" 0 0 2.46352764742975e-06 2.42338709847183e-06 0 1256 -Inf 0
"AM" 0 0 3.232354135111e-06 3.08060064230364e-06 0 1256 -Inf 0
"AQ" 0.000144697599514734 0.000128007485865097 0.000298107507279774 0.000263939046199967 0.00174670891288605 1256 -2.75800205543262 0.00581558322346128
"AY" 0.000933233731113795 0.00049930632159915 0.00106012364418576 0.000616243707741894 0.00366574314987172 1256 -1.13054061731272 0.258248493544732
"AZ" 0 0 2.74633931872783e-05 2.24911749019958e-05 0 1256 -Inf 0
"BA" 0.00703943258432243 0.0045806521365495 0.0114846257403052 0.00746080485233274 0.0294375629978806 1256 -3.46743622470758 0.000525448411073553
"BD" 0 0 2.60053050788412e-06 2.52365750789386e-06 0 1256 -Inf 0
"BF" 7.0994882430979e-05 6.33587493953701e-05 0.00015587113756298 0.000140337488715823 0.0012487447964825 1256 -2.18470057282234 0.0289108081696705
"BI" 1.8956627236882e-05 1.86084847249323e-05 1.01819568256881e-05 1.00245021685342e-05 0.000659469605875513 1256 0.461305743532054 0.644579264830158
"BK" 0 0 2.1170492168833e-06 2.07177544763316e-06 0 1256 -Inf 0
"BM" 0 0 1.43216466835786e-06 1.41165674750424e-06 0 1256 -Inf 0
"BP" 0 0 6.1487240726853e-06 5.87334457723669e-06 0 1256 -Inf 0
"BQ" 0 0 7.99825995644385e-06 6.91274739917147e-06 0 1256 -Inf 0
"BU" 0 0 1.14416364684455e-05 1.14293292904767e-05 0 1256 -Inf 0
"BV" 0.00066103731674378 0.000359228510885009 0.0010931546181501 0.000619457075103851 0.00333733380241279 1256 -2.76344062621307 0.00571954971008615
"CN" 0.00720169487977995 0.00354319456458441 0.00816902258571579 0.00428097560301688 0.0112165609907697 1256 -2.33110903068033 0.0197476112312789
"CO" 0.00245950035999376 0.00187781302906116 0.0015711359141938 0.00126247389472691 0.00874489298918401 1256 2.49376115966237 0.0126397562954806
"CQ" 0.0326615530912032 0.0220244182630477 0.0181105261189343 0.0132723878280715 0.0382884436446038 1256 8.1009495121988 5.45318798254612e-16
"CT" 2.38995561447791e-05 1.60272198788903e-05 9.96568398123166e-05 7.05035081320806e-05 0.000338089547007748 1256 -5.71045331518269 1.12675643392142e-08
"CU" 0.00382175236886515 0.00217616918232874 0.00219520276223997 0.00138048280306171 0.00938726889143001 1256 3.0039831022788 0.00266470124229469
"DA" 0.00311798168245974 0.00217655193548707 0.00240068518781632 0.00180187787214754 0.00857651813067918 1256 1.54823699233219 0.121565248056163
"DB" 0.00275854479953207 0.00210228812468073 0.00177799009562748 0.00143235830588903 0.00967882267900773 1256 2.45302285779782 0.0141661336596366
"DE" 0 0 0.000121425147059773 0.000109966110605272 0 1256 -Inf 0
"DI" 1.28415861927265e-05 1.27246191840118e-05 2.41393190941796e-05 2.3889204992611e-05 0.000450951648327185 1256 -0.877419853352889 0.380258633540756
"DK" 0 0 5.0645101093316e-06 5.04294563629493e-06 0 1256 -Inf 0
"DM" 0.0290778723880663 0.0216955596897748 0.0175441965411795 0.0135299708075342 0.0750497395160439 1256 3.85596551235233 0.000115273740000945
"DQ" 0.00715322485581456 0.00589559539869973 0.00753295033625412 0.00611749434372815 0.0317557792537567 1256 -0.247643699276357 0.804410096489621
"DR" 0.0147040705261594 0.00988116842076059 0.00885587091096486 0.00644525197408282 0.025991141704962 1256 4.68502655608163 2.79923636179136e-06
"DS" 0.00407967725842788 0.00283320492661013 0.00634352446631275 0.00429779402917863 0.0165808217278796 1256 -3.13043411777308 0.00174548146791993
"DT" 0 0 5.22660052831842e-06 5.19231249349352e-06 0 1256 -Inf 0
"DW" 0 0 5.60180369546591e-05 5.15174516081778e-05 0 1256 -Inf 0
"DX" 0.000445546500852215 0.000328260248229195 0.000639053278954281 0.000491457720008116 0.00292782336073063 1256 -1.97543786727838 0.0482184790788044
"DY" 0.000213910501026701 0.000198750714599914 0.000354251601454558 0.000332699832672435 0.00234767253910754 1256 -2.02207452705813 0.0431686531444265
"EA" 0.000202284512517963 0.000187079389202234 0.000303893024080559 0.000284392007796899 0.00263533346155793 1256 -1.30866474394376 0.190647939221236
"EC" 8.26001522657574e-05 7.98906162790253e-05 3.45790461501333e-05 3.36079086745473e-05 0.00188268883623851 1256 0.87123443075173 0.383626163838889
"EE" 9.51360633581625e-05 8.88183250214558e-05 0.000105946076751678 9.99416980676422e-05 0.00186917462191993 1256 -0.210902363267921 0.832963459983827
"EI" 9.70949199937859e-06 9.39849622679074e-06 5.48543636233514e-05 5.33450265676283e-05 0.000333070088334301 1256 -4.6760998898076 2.92382228048056e-06
"EN" 0 0 0 0 0 1256 NA NA
"EO" 0 0 1.21884272346019e-06 1.20962131095275e-06 0 1256 -Inf 0
"EP" 0.000467477464769151 0.000439278127449031 0.000404497004897642 0.000381814021031931 0.00422771774775331 1256 0.481709811666185 0.630012105062278
"EQ" 0.00394730637925851 0.0027593141162284 0.0101899752900275 0.00699364871759588 0.0134809324014495 1256 -11.1316633105094 8.79783160487581e-29
"ER" 8.29352441613588e-06 7.33303201373699e-06 5.49198585833289e-05 4.89292780189196e-05 0.00025986274732529 1256 -5.67289744090276 1.40402293067163e-08
"ES" 1.20633082416522e-05 1.18110450231517e-05 1.4453384000232e-05 1.41698850140466e-05 0.000418546327884249 1256 -0.199732972661445 0.841689424875629
"ET" 1.39680411219131e-05 1.33637363968361e-05 8.96090793027364e-05 8.60419190759744e-05 0.000473593869237239 1256 -5.43867124093653 5.36794015398064e-08
"EU" 6.43809981629955e-05 6.12324200486132e-05 0.000164665877880281 0.000155846035593657 0.00193315469359437 1256 -1.7345301382276 0.082824063049867
"EV" 0.00128836990850563 0.00112485456353239 0.000621928444638436 0.000551540079231641 0.00715741353383747 1256 2.83877925930092 0.00452864731070468
"EW" 4.7959383150466e-05 4.68169089978645e-05 4.22311973084473e-05 4.12803297892209e-05 0.000917026044321015 1256 0.21397087714759 0.830569767897278
"EX" 2.26790194943061e-05 2.18517087489946e-05 9.49029066997441e-05 9.16638473453532e-05 0.000548438465720392 1256 -4.51125996820108 6.44436802396907e-06
"FA" 0 0 9.16242394267159e-06 9.08129057149313e-06 0 1256 -Inf 0
"FE" 0 0 8.59643068653925e-05 7.70113567261021e-05 0 1256 -Inf 0
"FF" 0.0012455931880465 0.000972322325623306 0.00156155380010257 0.00117152037353073 0.0116965448674518 1256 -0.603562580582303 0.546134497275847
"FI" 7.23798494499132e-05 6.85801284045423e-05 1.33337429094489e-05 1.27592054026426e-05 0.00243030239877586 1256 0.81401333119751 0.41563731390882
"FS" 0 0 1.80665339860411e-07 1.17100529271285e-07 0 1256 -Inf 0
"FU" 3.4616449736915e-05 3.25920298176723e-05 2.93970779881083e-05 2.75104088266098e-05 0.00115501942167221 1256 0.155922145879631 0.876094388915444
"FY" 0.000417336651984809 0.000382717800301387 0.00118639590812955 0.00108447964343842 0.00546564895147479 1256 -4.55032939473463 5.35620004104332e-06
"GA" 0.000417873887899254 0.000352413109868894 0.00112976401024442 0.000956024208828193 0.00419962251870062 1256 -5.09379872927193 3.50959349497075e-07
"GC" 0 0 5.98221142045862e-06 5.96011099089598e-06 0 1256 -Inf 0
"GM" 0.000391612620817523 0.00027694112351495 0.00141483338851615 0.000994780800965133 0.00345672537993856 1256 -7.35965406237384 1.84387441139959e-13
"GU" 3.5781525070424e-05 3.35325078144861e-05 3.99164721170541e-05 3.80964775561842e-05 0.000600410728571754 1256 -0.269394752699722 0.787625923698144
"GY" 0 0 0.000141774517277263 0.000139743680860363 0 1256 -Inf 0
"HA" 3.59742945875685e-05 3.42263081631867e-05 0.00014071467190548 0.000133184408737029 0.000868831022423107 1256 -4.03655478347592 5.42418640830212e-05
"HB" 0 0 0.00021976720761717 0.000199692182733574 0 1256 -Inf 0
"HE" 0.000120120603604596 9.36136455083079e-05 0.000522951263869937 0.000404806501590478 0.00154882976946921 1256 -7.12066822035169 1.07405054528023e-12
"HF" 5.15564145017883e-05 4.58110026718818e-05 0.000141010101434456 0.000124976257692178 0.00121314520587858 1256 -2.31268587834265 0.0207399159973048
"HI" 6.1274349742335e-05 5.44825307257853e-05 0.00030064749775225 0.000265417403122758 0.00141588956377154 1256 -5.27975564976252 1.29356277828622e-07
"HL" 0.00140927949018706 0.00111732523728845 0.0041120509656285 0.0031958824121104 0.00959865403698222 1256 -7.67443577732245 1.66148339419562e-14
"HQ" 0 0 7.38302757937544e-06 7.21392787999421e-06 0 1256 -Inf 0
"HT" 0.00011839153298017 0.000100281362367642 8.83271218663663e-05 7.84439831168459e-05 0.00284254432259506 1256 0.272262664918289 0.785420061283677
"HY" 0.00169013689096157 0.00116545849425146 0.00118728212057208 0.000881897865653083 0.00701058079770349 1256 1.43346386999125 0.151725316990151
"IA" 0.00667038303603892 0.00446906626286069 0.00860092816491347 0.00599767150163764 0.019513928313633 1256 -2.77616617292165 0.00550040878154185
"ID" 3.06222439980402e-06 3.00777472089321e-06 4.65185333921754e-06 4.5831030865533e-06 0.000106594474057272 1256 -0.523758665863436 0.600446405906496
"IF" 0 0 1.988297042763e-05 1.93557112603455e-05 0 1256 -Inf 0
"IG" 0.00163936933851628 0.00120788648864058 0.00278915399442541 0.00206860006988403 0.00718531637547235 1256 -4.24529212660667 2.18308815603716e-05
"IH" 1.10580325548478e-05 1.07711420192517e-05 1.5236968828077e-05 1.48925386163907e-05 0.000381716380712699 1256 -0.382647103759479 0.701981439733581
"II" 1.10580325548478e-05 1.0769832605327e-05 1.74800882559562e-05 1.70882738028609e-05 0.000381669573859742 1256 -0.58670153947362 0.557404173669854
"IJ" 0 0 7.03419306546887e-05 6.83681694184857e-05 0 1256 -Inf 0
"IK" 0 0 9.52184719530452e-06 9.40125564633833e-06 0 1256 -Inf 0
"IL" 0 0 3.26587345132281e-07 3.22972495373009e-07 0 1256 -Inf 0
"IM" 0 0 1.26462785226695e-05 1.24519902242795e-05 0 1256 -Inf 0
"IO" 0 0 1.43903716977516e-06 1.43125440952604e-06 0 1256 -Inf 0
"IP" 0 0 9.9518738356526e-07 9.88339457972811e-07 0 1256 -Inf 0
"IQ" 0.000427450263897776 0.000418280677904993 0.000279161969174976 0.000273324970195152 0.00425939620693439 1256 1.20609662031629 0.227780237842281
"IU" 2.52660294056793e-05 2.49580562485446e-05 5.88942701540055e-05 5.81799309807646e-05 0.000627523926079457 1256 -1.87624119382945 0.0606221679109007
"IX" 0 0 1.28520819853646e-06 1.28214307616711e-06 0 1256 -Inf 0
"IY" 0 0 1.10441473408796e-05 1.00537622677989e-05 0 1256 -Inf 0
"JA" 0.000453279438861295 0.0004322132866543 0.000288585245837262 0.000276784828656487 0.00536503691875189 1256 1.02672146883909 0.304551637087702
"JB" 0 0 1.54331547429046e-05 1.51880506077121e-05 0 1256 -Inf 0
"JI" 5.59737502412662e-05 4.9158170773956e-05 0.000170452906014221 0.00014854123109707 0.00124290978100167 1256 -2.83378945545103 0.00459996278658259
"JM" 0 0 8.47956212470619e-06 7.58826744998523e-06 0 1256 -Inf 0
"JO" 2.57615703475576e-05 2.29010692917225e-05 0.000264524395184507 0.00023124422363205 0.000634136338565849 1256 -11.6437109068991 2.47028582025993e-31
"JS" 0 0 2.1076713842922e-06 2.00714202315213e-06 0 1256 -Inf 0
"JU" 4.12527639351837e-06 3.88454372501906e-06 5.7737657464953e-06 5.50379361218454e-06 0.000137666513952939 1256 -0.416850551095093 0.676787724490291
"JW" 0 0 4.46908998602069e-07 4.33884524286265e-07 0 1256 -Inf 0
"JY" 1.85157754406755e-05 1.67163959040427e-05 0.000145883173002369 0.000133655330465249 0.000592368717510258 1256 -6.99619388592073 2.63009508517182e-12
"KA" 0 0 2.47734858705335e-06 2.42059119277735e-06 0 1256 -Inf 0
"KI" 0.00239340324978363 0.00197023421322062 0.0045668744612718 0.00372834184427192 0.0243112412192567 1256 -2.56290876421862 0.0103799320857833
"KM" 0.0522871916526764 0.0365440271171945 0.0146482011892006 0.0111139470942413 0.0703871773882859 1256 12.8040982125002 1.55521997504171e-37
"KU" 0 0 5.34755673294757e-06 5.279316801163e-06 0 1256 -Inf 0
"KV" 0 0 3.69185694497361e-07 3.64714867862403e-07 0 1256 -Inf 0
"KY" 0 0 6.43798436495631e-07 6.41599255266758e-07 0 1256 -Inf 0
"LE" 0 0 1.18629911354862e-05 1.17776391301918e-05 0 1256 -Inf 0
"LI" 0.006105801423138 0.00305221073796447 0.0067463070819868 0.00350063853816338 0.0107578144067645 1256 -1.47728164180817 0.139600156936831
"LJ" 0.00251112589482515 0.00175986308752396 0.00351225220580222 0.00243589851717751 0.00968908150728167 1256 -2.47275829503674 0.0134074787545801
"LQ" 0.000507553842075602 0.000417725503538815 0.00151712707137251 0.00122110463297877 0.00443828528587585 1256 -6.41505154653826 1.40775221211795e-10
"MA" 0.00636227537894592 0.00471038662482216 0.00727344285669337 0.00549555865697917 0.0213586890253486 1256 -1.30282189522137 0.192635573873171
"MC" 0.000325281478676838 0.000227839344458886 0.000235967572313731 0.000177136090149106 0.00243193406683326 1256 0.738888416183337 0.45997475690896
"ML" 0 0 3.93342680655631e-05 2.89332404975737e-05 0 1256 -Inf 0
"MM" 0 0 1.4306982769641e-05 1.41467616531309e-05 0 1256 -Inf 0
"MQ" 9.58717030607734e-05 8.14298946042381e-05 9.31734692973427e-05 7.99290996693075e-05 0.00188537311238178 1256 0.0282110249989372 0.977493844047305
"MR" 0.000167616493462957 0.000162257724384758 2.6300862501803e-05 2.54277648277705e-05 0.00574935701657304 1256 0.843444946548819 0.398979643452291
"MU" 0 0 3.35544075384547e-06 3.16294951783636e-06 0 1256 -Inf 0
"MW" 0 0 7.0819172258489e-06 6.61211186271855e-06 0 1256 -Inf 0
"MY" 0.00134281920892951 0.0010019423059783 0.00341452757115404 0.00252673321105864 0.00714037432896001 1256 -7.56805243883894 3.78861063869262e-14
"NE" 0.00670073732622401 0.00533261026839275 0.00837921463650146 0.00657515985969941 0.0208258785186934 1256 -2.11448797563724 0.0344736106975576
"NI" 0.00534080349006615 0.00424081443151978 0.00634007048959633 0.00512419533121828 0.01992960124918 1256 -1.57088435725797 0.116209512724049
"NM" 0 0 7.20927576421401e-06 7.03946659176122e-06 0 1256 -Inf 0
"NN" 0.00167244077478097 0.00143696327609344 0.00228502867899796 0.00196504583822412 0.0124140102402975 1256 -1.50759450991078 0.131658338729584
"NQ" 8.09964981939504e-05 7.50708274180089e-05 0.000312375389882808 0.000287357961883491 0.00202827396434368 1256 -3.70929930858986 0.00020783362176899
"NS" 1.69399647648733e-05 1.636433438572e-05 4.38645681777084e-05 4.25228018939641e-05 0.000579893412534781 1256 -1.59867042871768 0.10989385157769
"NU" 1.39680411219131e-05 1.35762560007116e-05 7.98698400886083e-05 7.75203525646678e-05 0.00048112108236998 1256 -4.7102166980284 2.47453548187697e-06
"OA" 0 0 4.15428751387398e-05 4.00353264339768e-05 0 1256 -Inf 0
"OE" 0 0 1.85523250966524e-06 1.83703322412203e-06 0 1256 -Inf 0
"OI" 0.000264775882446795 0.000177427215854012 0.00050229419983677 0.000344758452462871 0.00414332641764964 1256 -1.43127370053504 0.152351788241855
"OM" 0 0 0.000138284857264306 0.000131965497643681 0 1256 -Inf 0
"OO" 3.12707705363121e-05 2.45267519582461e-05 0.000131373861419201 0.000102682783748908 0.000614844649321802 1256 -4.5049702013108 6.63822569936808e-06
"OP" 9.38700410691521e-05 7.26169481845805e-05 0.000294900500993688 0.000232096852849482 0.00167789256423906 1256 -3.36850066670412 0.000755782142498294
"OR" 0 0 2.44767671110642e-06 2.40039067482488e-06 0 1256 -Inf 0
"OT" 0.000409671141496389 0.000333425522733632 0.00105236362938865 0.000862507584132433 0.00366019574343899 1256 -5.122872475378 3.00915874811505e-07
"OU" 0 0 3.84719805753667e-06 3.7768612455021e-06 0 1256 -Inf 0
"OX" 0 0 7.55489021446354e-07 7.12975821974205e-07 0 1256 -Inf 0
"OY" 0 0 2.01528883913272e-05 1.90879629264914e-05 0 1256 -Inf 0
"OZ" 0 0 6.49148982451831e-06 5.5894998737563e-06 0 1256 -Inf 0
"PA" 0 0 4.59996895611782e-06 4.45560971056978e-06 0 1256 -Inf 0
"PC" 0 0 3.73394596080556e-05 3.69439164322567e-05 0 1256 -Inf 0
"PD" 0 0 6.05228888532376e-07 6.02896394846245e-07 0 1256 -Inf 0
"PE" 1.20633082416522e-05 1.19040589361856e-05 1.37865143651578e-05 1.36080870084014e-05 0.000421853522484094 1256 -0.143156108750967 0.886166892849595
"PF" 0 0 1.0483050584493e-07 1.04681662321909e-07 0 1256 -Inf 0
"PG" 0 0 0 0 0 1256 NA NA
"PH" 0 0 2.57311241619373e-07 2.55297190580512e-07 0 1256 -Inf 0
"PI" 1.20870598330088e-05 1.14109581064331e-05 2.90657590932213e-05 2.77972546978559e-05 0.000299915808175275 1256 -1.93631617588516 0.0528289888278419
"PJ" 0 0 4.60875541839812e-06 4.44271409823139e-06 0 1256 -Inf 0
"PK" 0 0 5.19703581464068e-06 5.14842862264042e-06 0 1256 -Inf 0
"PM" 5.19154861699312e-05 5.08672318279897e-05 8.46649047010796e-05 8.31001965500973e-05 0.00091937328708056 1256 -1.2425194382153 0.214044973150515
"PN" 0.000160274944681206 0.000158094746535688 9.35526070188284e-05 9.24279266227401e-05 0.00191138989361353 1256 1.21756321657198 0.223389999693061
"PO" 0.00045456022497801 0.000436828458568605 0.00029723341637564 0.000286880506965832 0.00512930017973314 1256 1.03604171288332 0.300182682750138
"PQ" 2.21160651096957e-05 2.20459819536287e-05 1.51711816866855e-05 1.51311502643583e-05 0.000781294666718773 1256 0.313661758962438 0.753777947910801
"PS" 3.06222439980402e-05 2.98150583260835e-05 0.000100592989269614 9.79103883775472e-05 0.00105657394406748 1256 -2.28408495129844 0.0223665388192395
"PT" 0.000568368452665586 0.000450738410752995 0.000718906630548478 0.000566652184421137 0.00367763557597417 1256 -1.11702057481658 0.263985528102516
"PU" 0 0 2.87199933829679e-05 2.839266828892e-05 0 1256 -Inf 0
"PW" 0.00141238915123172 0.000906994982086018 0.00126106694267299 0.000834667162160867 0.00590308948641406 1256 0.434231003064941 0.664120701668535
"PY" 0.0327798534974932 0.0202906102411521 0.0334712708968167 0.0202910328665664 0.0354843027687348 1256 -0.000422098834502782 0.999663213866818
"PZ" 0 0 1.41553941521801e-05 1.4072051412972e-05 0 1256 -Inf 0
"QA" 0.00959039526559856 0.00554491203401891 0.00843284478495015 0.00520217819691106 0.0143835977554799 1256 0.84447009296106 0.398406768643097
"QC" 0 0 2.193725937207e-06 2.14946721403658e-06 0 1256 -Inf 0
"QD" 0 0 0 0 0 1256 NA NA
"QE" 3.68862269070111e-05 3.15119021882703e-05 0.000325755830225283 0.000281567114475298 0.000672820238534739 1256 -13.1713922890782 1.28211269135961e-39
"QF" 0 0 4.90746860107666e-06 4.84023095374721e-06 0 1256 -Inf 0
"QG" 0 0 4.70244643078377e-06 4.65967307086674e-06 0 1256 -Inf 0
"QH" 0 0 2.45310500545039e-06 2.43270300273856e-06 0 1256 -Inf 0
"QJ" 0 0 1.64361652124952e-06 1.58541528854356e-06 0 1256 -Inf 0
"QK" 0 0 2.71877272458994e-07 2.67799529278946e-07 0 1256 -Inf 0
"QQ" 0 0 2.28393517922331e-05 2.26871253444174e-05 0 1256 -Inf 0
"QU" 0.000956931754611724 0.000809348777551672 0.00131314589235962 0.00113997158918171 0.00641108057918929 1256 -1.82766417493504 0.067599967917899
"RA" 0.000304176342298213 0.000224273516823591 0.00018834832912618 0.000146135019771049 0.00249772192592305 1256 1.1087044407093 0.267557705589517
"RB" 0 0 1.53225872912491e-05 1.43439735842203e-05 0 1256 -Inf 0
"RE" 0 0 7.03670397687684e-07 6.99849617717324e-07 0 1256 -Inf 0
"RO" 0.000197283916830763 0.000111966624655666 0.000232075641757778 0.000145108646158049 0.00104707508075624 1256 -1.12174977337815 0.261968847184777
"RP" 9.59251016806078e-06 7.70414097303596e-06 1.91182161631914e-05 1.54974827851359e-05 0.000273005203923183 1256 -1.01169037636876 0.311686118336543
"RQ" 0 0 3.27507208130208e-05 2.83453236145204e-05 0 1256 -Inf 0
"RT" 0.308117487511763 0.118575575429927 0.283769150666139 0.113769494697525 0.0442838095583202 1256 3.84628009225516 0.000119924665534346
"RU" 0.189090755146894 0.0785505083726227 0.140011801266225 0.0639016869668162 0.0442555889364929 1256 11.7308472396055 8.8567687835329e-32
"RX" 0.0148471697211449 0.00692178323491098 0.0163987840356711 0.00805222128542016 0.0170251183797706 1256 -2.35315994211672 0.018614625394061
"RY" 0 0 6.32577847010866e-05 6.0289320017759e-05 0 1256 -Inf 0
"RZ" 0.000969148597798361 0.000767004212616185 0.0012064178884896 0.000936789773140855 0.00929100743198064 1256 -0.647638659160634 0.51721868700391
"SA" 0.00219593394889288 0.00168493018978227 0.00175293584307515 0.0013640720067901 0.0123652472568256 1256 0.919613068822551 0.357774994849532
"SD" 0.00199167497936083 0.00166755118075474 0.0020937469036838 0.00176000514128249 0.0117915827379956 1256 -0.277874207549957 0.78110892385913
"SI" 0 0 8.10134906467045e-07 7.99576749060915e-07 0 1256 -Inf 0
"SR" 0 0 1.69825419468786e-07 1.68289363720149e-07 0 1256 -Inf 0
"SU" 0.00361112707802695 0.00306749961312343 0.00438627067989154 0.00375556988285612 0.0230035728481251 1256 -1.06006456686036 0.28911522633302
"SY" 2.15183336202445e-05 2.09615509388293e-05 0.000124194375106732 0.000121099006656049 0.000742862993367576 1256 -4.77730147288068 1.77663312285355e-06
"TA" 0 0 7.83809628317474e-07 7.53117754650931e-07 0 1256 -Inf 0
"TC" 0.00700342436528304 0.00554214169459964 0.0242285390029068 0.0183337666310716 0.0354040391017837 1256 -12.8046503802514 1.54419729231768e-37
"TD" 0.00355030379898956 0.00261506841210412 0.00861216188072799 0.00630467917977533 0.0241091336203697 1256 -5.42367638806663 5.83855445026855e-08
"TE" 0 0 4.70504858975678e-06 4.66147880146741e-06 0 1256 -Inf 0
"TI" 0.000159011551029373 0.000132017726956172 0.000168226527966719 0.000143712817556662 0.00422566776607048 1256 -0.0980851050804648 0.921864714914398
"TM" 0.0137778363931221 0.0083321918856678 0.00928383465314144 0.00591128941379309 0.0237056133547837 1256 3.61926944941474 0.000295435891923215
"TQ" 0.0143614460683889 0.00950678559899732 0.021388173886351 0.0138843953754024 0.0310284705439899 1256 -5.00001717857308 5.73252066512344e-07
"TU" 0.0135086369644221 0.007550730876717 0.020083765400208 0.0118294680485289 0.0218645635810401 1256 -6.93536969756729 4.05160194230876e-12
"UA" 8.25530540960991e-05 7.56228691463707e-05 1.92554707844419e-05 1.77226512366763e-05 0.00202484599978978 1256 1.0134049458263 0.310866777998772
"UB" 9.70949199937859e-06 9.53417894956114e-06 5.98877873879917e-05 5.88706524306966e-05 0.000337873493982937 1256 -5.17498148290571 2.2793358545657e-07
"UE" 0.000288835777181463 0.000269116994595323 0.000146802191862457 0.000137115901365117 0.00338950124367287 1256 1.38018260699284 0.167530427846514
"UF" 8.04763235754504e-05 7.87008398281766e-05 5.07107879494212e-05 4.97353411624668e-05 0.00137573438713717 1256 0.746175931707653 0.455561145262025
"UH" 6.86360641335383e-06 6.67237575853517e-06 3.38608017371834e-05 3.30637172295321e-05 0.000236467581844148 1256 -3.9553477791764 7.6423396032913e-05
"UI" 9.38856210735506e-05 9.22276617961001e-05 9.05420514191654e-05 8.91322376924736e-05 0.00154908272099606 1256 0.0708174639364386 0.943543032509549
"UK" 9.70949199937859e-06 9.57678957692465e-06 3.2322525719184e-05 3.19146210286671e-05 0.000339381595906995 1256 -2.33263905042182 0.0196670975819495
"UM" 0.00840067430270341 0.00451784013535006 0.00816803897700173 0.00472051667245537 0.0164352044121831 1256 -0.437042010261151 0.662080881503516
"UN" 0 0 2.83451599862242e-06 2.82167301001216e-06 0 1256 -Inf 0
"UP" 0 0 1.0091652673909e-05 1.00725979876327e-05 0 1256 -Inf 0
"UQ" 0 0 1.17888353305761e-05 1.16060560760197e-05 0 1256 -Inf 0
"UR" 0.00022007769708119 0.000214484865880531 9.63528170869228e-05 9.42180373386018e-05 0.00327865133316267 1256 1.30000626163196 0.193598823085848
"UT" 0 0 1.01916300769402e-06 1.01808747699753e-06 0 1256 -Inf 0
"UU" 0 0 1.70741193294402e-05 1.6892410344573e-05 0 1256 -Inf 0
"UY" 7.88295390048559e-06 7.60030608749681e-06 3.00984386166432e-05 2.91609544230919e-05 0.00026934357694066 1256 -2.83693909643428 0.0045548299520469
"VE" 0.0380208139380571 0.0203575955923584 0.0575780916363029 0.0310496955790157 0.0380812863728715 1256 -9.95053016965531 2.50843258456024e-23
"VI" 0.00600627318662781 0.00312896949421658 0.00949730111935696 0.00506194259758786 0.0115026531201251 1256 -5.95556004364046 2.59182717447479e-09
"VJ" 0.00112398657182051 0.000741255538684385 0.00267885859583767 0.00176425675908984 0.00512442181535042 1256 -7.0749943950283 1.49454801410848e-12
"VM" 0 0 4.6647896602301e-06 4.58625302003105e-06 0 1256 -Inf 0
"VP" 0.00011615091337686 9.28069654186261e-05 0.000245568345811887 0.000193445479048307 0.00176166987197028 1256 -2.02457796819463 0.0429107184521646
"VS" 9.6543437502874e-05 7.98702662269834e-05 0.000182386848648427 0.000151780457387435 0.00190057863822298 1256 -1.34090935070199 0.179949885911861
"VX" 0.00636066531627081 0.00393986873364217 0.0053046456735978 0.00339025389380573 0.0172949903989608 1256 1.12624517857684 0.260061755288666
"VY" 0.0226490869798965 0.0155592893163194 0.0272176023965868 0.0188167724170664 0.0371775842912224 1256 -3.10524466342896 0.0019012169073078
"WC" 0.004357360404344 0.00268065368264597 0.0100750829690038 0.00612453787085011 0.0152092726149635 1256 -8.02481286775523 1.01680824007482e-15
"WE" 0.00392451152415445 0.00306785263790854 0.00413510742164958 0.0031947273133571 0.0242352564817546 1256 -0.185533417284862 0.852810672029876
"WF" 0.000178824426929168 0.000152558643084364 0.000334654838865613 0.000291766533914409 0.00180457654216767 1256 -2.73390466144253 0.00625881637687584
"WH" 0.00312519280744439 0.00263037404127792 0.00408634512838097 0.00343734198444747 0.0207597695537918 1256 -1.37761725609015 0.168321490313114
"WM" 6.377398499717e-05 5.2315551182942e-05 0.000184095505838109 0.000148982530058633 0.00144740987905548 1256 -2.36690830241836 0.0179373764289002
"WQ" 0.000179610553972035 0.000161636071114012 0.000668863915058145 0.000597528096725048 0.00337282172151211 1256 -4.58015691943412 4.64627196738242e-06
"WU" 0.000162908879112846 0.000139556521567594 0.000312667456551895 0.000264076948673123 0.00230355239323712 1256 -1.91574335054891 0.0553977715855348
"WV" 0.000326626995636992 0.00026861352714992 0.000602578392289793 0.000488255843860449 0.00380521162197343 1256 -2.04565325395025 0.040790497987455
"WY" 2.57615703475576e-05 2.29424512849441e-05 0.000151274134250635 0.00013252846828016 0.000635311231486583 1256 -6.11312714889382 9.76974672190527e-10
"XA" 0 0 8.88831002241855e-05 8.50803573159241e-05 0 1256 -Inf 0
"XE" 1.59235668789809e-05 1.54937331851579e-05 7.65471038478306e-06 7.50098148187299e-06 0.000549095294297744 1256 0.515873738125781 0.605942597257582
"XQ" 0.00024446609697184 0.000222247521633948 0.000267649960822825 0.000246600639753427 0.00258295971473328 1256 -0.334142534301116 0.738272005047575
"XW" 0.00355982432980253 0.00281100523840703 0.00668184330544966 0.0051593532072016 0.017098282374382 1256 -4.86748681721113 1.13026368638126e-06
"XY" 0.0010238076774785 0.000967117267698445 0.000636648731085361 0.000606007966447128 0.0071518225488315 1256 1.78943844799422 0.0735442320021786
"YA" 0.0295193859533227 0.0211604687077333 0.0595108383932021 0.0405035578904253 0.0413344541876832 1256 -16.5847315673756 8.98663212395251e-62
"YE" 0 0 9.66221596269663e-06 9.58530212109976e-06 0 1256 -Inf 0
"YG" 0 0 2.70176803700341e-07 2.65767927246979e-07 0 1256 -Inf 0
"YI" 1.80949623624783e-05 1.66814274617802e-05 2.03439462612828e-05 1.86655114612709e-05 0.00059112691626379 1256 -0.118952654932299 0.905312865258546
"YO" 0.00146659681231742 0.00104989926390425 0.00180405207500331 0.00134775736238395 0.00734834769586506 1256 -1.43652945418775 0.150851741293646
"YP" 0.00116510365193867 0.000920045396315475 0.000719330391775684 0.000556999452502372 0.0080543255894634 1256 1.59744982822627 0.110165472894708
"YQ" 3.18471337579618e-05 3.03569693403375e-05 9.33838081436083e-05 8.85457664319451e-05 0.00107576516193952 1256 -1.91697621000231 0.055240954052101
"YR" 0 0 6.97180948568702e-06 6.88752145188039e-06 0 1256 -Inf 0
"YU" 7.13815066988799e-05 6.09648486256916e-05 0.000350458428338863 0.000300871609975169 0.00215983827007447 1256 -3.93655275119964 8.26604565028315e-05
"YY" 0 0 2.18294961837594e-06 2.15478698845104e-06 0 1256 -Inf 0
"ZA" 0.00321500643267933 0.00276182437332782 0.00202157281213527 0.00174133738672529 0.0335533316070239 1256 1.07787063806207 0.281091490382866
"ZC" 0.000554696280480837 0.000486389287289011 0.000359265322051761 0.000318987034943198 0.00718901823719709 1256 0.825251897087546 0.40922859523867
"ZD" 0.0157301726584275 0.0112856385360929 0.0235350231732077 0.016761164308121 0.0384021581216492 1256 -5.05318287450056 4.34507495204168e-07
"ZE" 0.000794944331895355 0.000657675957741769 0.000921341310630331 0.000783943156953516 0.00819127114469342 1256 -0.546303603202087 0.584857259845819
"ZK" 0.000220996071596202 0.000186014746071214 0.000110818851569491 9.15504546281443e-05 0.00283993026282942 1256 1.17883986873087 0.238461945425034
"ZM" 0.00125761936135141 0.00101406051520321 0.000787841692005923 0.000658491703628139 0.00641982154771281 1256 1.96288801706727 0.0496591874469391
"ZQ" 0 0 5.56954332666449e-07 5.52711466453188e-07 0 1256 -Inf 0
"ZR" 0 0 1.12752016697691e-05 1.11110012227572e-05 0 1256 -Inf 0
