"Q" "C" "Qworld" "Cworld" "sigma" "N" "score" "pvalue"
"AA" 0.000319808073098528 0.000292868247470658 0.00138998831315863 0.00126223401351721 0.00299954461514017 416 -6.59142048687176 4.35638120514177e-11
"AC" 0 0 0.000296913510688844 0.000289428402764521 0 416 -Inf 0
"AD" 7.88146279949559e-05 7.01213517335456e-05 0.000184348350602918 0.000166868220155874 0.00142985975514289 416 -1.38003512075951 0.167575831530562
"AE" 0 0 5.7752946626096e-06 5.3819933443675e-06 0 416 -Inf 0
"AF" 0 0 1.99178401148043e-06 1.96032593430566e-06 0 416 -Inf 0
"AH" 3.81562881562882e-05 3.30003533859715e-05 0.0001253150568421 0.000111061371754029 0.000673056445066641 416 -2.36553506813378 0.018004038124225
"AI" 0 0 3.69893901003534e-05 3.61296993502895e-05 0 416 -Inf 0
"AM" 0 0 2.02320901099452e-05 1.87760584863334e-05 0 416 -Inf 0
"AQ" 0.000267701048951049 0.000236656637766089 0.00019772695705432 0.000175899183090338 0.00435838022538512 416 0.284328976332494 0.776158282182656
"AY" 0.00302945227710624 0.00138890143928596 0.00190577135691489 0.000950061926422228 0.00508160092495585 416 1.76137502529062 0.0781749492428964
"AZ" 0 0 4.67976946305248e-05 3.6858876988748e-05 0 416 -Inf 0
"BA" 0.00831498607823205 0.0057325600369084 0.00637432261937953 0.00436478266691346 0.0192413401474151 416 1.44986231653761 0.147096917618299
"BD" 0 0 3.02898004767252e-05 2.87148811198094e-05 0 416 -Inf 0
"BF" 0 0 0.000152119477694626 0.00013569402239733 0 416 -Inf 0
"BI" 0 0 8.26552537215794e-06 8.09482263502068e-06 0 416 -Inf 0
"BK" 0 0 8.47353196500084e-07 8.25661290076059e-07 0 416 -Inf 0
"BM" 0 0 1.39603956647355e-06 1.37756529931772e-06 0 416 -Inf 0
"BP" 0 0 6.69960972802511e-06 6.3073352577832e-06 0 416 -Inf 0
"BQ" 0 0 1.66355096632502e-05 1.39411455228384e-05 0 416 -Inf 0
"BU" 0 0 2.9694526350828e-05 2.96336978197e-05 0 416 -Inf 0
"BV" 0.00390795512420299 0.00184952326609134 0.00511817102943807 0.00243630438080381 0.00572515412752782 416 -2.09042990807206 0.0365791986024411
"CN" 0.0267835871492632 0.011253445879022 0.023298531841204 0.0100200442122319 0.0160552805499772 416 1.56687119791739 0.117144801154141
"CO" 0.00581364764283839 0.00396170870202909 0.00552542569458063 0.00401883198433284 0.0142070423475015 416 -0.0820079856236999 0.934640363238768
"CQ" 0.0811371795858696 0.0455174956802197 0.0556218672644912 0.0348999106943605 0.0427414761268999 416 5.0666732116959 4.04828382497616e-07
"CT" 0.000562758282147682 0.000344458483384106 0.00021759138969873 0.000142117998803227 0.00474922882512366 416 0.868973146806298 0.384861818677674
"CU" 0.0129300159912783 0.00602326413952513 0.00811301984354872 0.00424613951223092 0.0133965357776225 416 2.70565265620263 0.00681703077927923
"DA" 0.00761578341513092 0.0044963100284086 0.00641944644008942 0.00418369482263549 0.0102844204932834 416 0.619978942138333 0.535271650849086
"DB" 0.00422383731710703 0.00290962580112876 0.00341903438651951 0.00252324436717022 0.0090184215845885 416 0.873840927911975 0.382204888187202
"DE" 0.000217652318945422 0.000178231181130809 0.000366226825083344 0.000312854985538813 0.00212343010020506 416 -1.2930953660386 0.19597807765859
"DI" 8.01282051282051e-05 7.925646441811e-05 4.36974994387372e-05 4.31623294536107e-05 0.00161621032144723 416 0.455496901778058 0.64875179600345
"DK" 0 0 1.21072495997553e-05 1.20528501243557e-05 0 416 -Inf 0
"DM" 0.00460627045916716 0.00346812355695261 0.00637818119721692 0.00494350069236105 0.0153492669821577 416 -1.96047845466526 0.0499398938268017
"DQ" 0.00192634538944009 0.00164220575852824 0.00420894568214781 0.00357736033760887 0.0105860885507413 416 -3.72843696262471 0.000192671089378859
"DR" 0.0395680453370918 0.0225812024392974 0.0269475247730445 0.017051078177572 0.0318298104309496 416 3.54362292974414 0.000394669268824223
"DS" 0.000774475900199891 0.000580952588768681 0.00284008926512511 0.00210912901256842 0.00426339418000116 416 -7.31079611800304 2.65564219427399e-13
"DT" 0 0 8.34740427403974e-06 8.25515320693771e-06 0 416 -Inf 0
"DW" 6.78334011667345e-05 5.84461473610171e-05 0.000253844155734038 0.000224231125239389 0.000848460049378618 416 -3.98529471308149 6.73964233581184e-05
"DX" 0.00224107631980647 0.00145562929753596 0.00176939566978014 0.00123556586422601 0.00580809057955887 416 0.772789422138037 0.439647014585429
"DY" 0.00170127522480252 0.00151789465473508 0.000931643288636804 0.000847219815848979 0.0114575060684042 416 1.19390173405588 0.232516409139033
"EA" 0.000741392680501261 0.000659766637187144 0.000823993316696495 0.000746679609273743 0.00429986553006257 416 -0.412264930198844 0.680145250436334
"EC" 8.37577057089252e-06 7.92892612091534e-06 8.54435351291298e-05 8.16706497648755e-05 0.000161720390555823 416 -9.30026168089739 1.40100446597639e-20
"EE" 0.000572865165977695 0.000514371160531239 0.000392428128242701 0.000359364382564211 0.00367289007472134 416 0.860774561191283 0.389362218324997
"EI" 9.41214883522576e-05 8.91603786591223e-05 0.000181205599896664 0.000173067881164852 0.00134346515987362 416 -1.27385809589227 0.202713711518756
"EN" 0 0 0 0 0 416 NA NA
"EO" 0 0 3.12103530983298e-07 3.09255386389034e-07 0 416 -Inf 0
"EP" 0.00138230433497379 0.00128369403882341 0.00449297289959411 0.00414836923427894 0.00746799183523968 416 -7.82380861896814 5.12487005840512e-15
"EQ" 0.00380570085557449 0.00270177363717684 0.00566341788443326 0.00399035866503666 0.0104777187419757 416 -2.5083781551257 0.0121286789604532
"ER" 9.86944965603502e-05 8.53006154176567e-05 0.000715079042883843 0.000613694403993241 0.00124998783873401 416 -8.62181264591155 6.59024684319116e-18
"ES" 0 0 0.000257543714000854 0.000249567590000123 0 416 -Inf 0
"ET" 7.12602614776528e-05 6.74414526926823e-05 0.000320051724675177 0.000302355305728194 0.000971167519703387 416 -4.93356829317019 8.07407929435637e-07
"EU" 0 0 0.00011173494646195 0.000105982209990631 0 416 -Inf 0
"EV" 0.0015522141775837 0.00131003862810834 0.00128626063539365 0.00109800742718421 0.00861149056766348 416 0.502190055255907 0.615533837649847
"EW" 0.000120084141963963 0.000116673833996743 0.000234802484814294 0.000227005100620574 0.00119776605927377 416 -1.87876848611131 0.0602761118209611
"EX" 0.000272984711621174 0.000261301125587057 0.000698905166338072 0.000665584684430595 0.00289321653179928 416 -2.85004559169435 0.00437129626838271
"FA" 0 0 1.2139560005276e-05 1.20025626110732e-05 0 416 -Inf 0
"FE" 0 0 4.06729850151076e-05 3.6800840476819e-05 0 416 -Inf 0
"FF" 0.000110870639953455 9.50054820526255e-05 0.000421748038082666 0.000354474357551534 0.00103570601076737 416 -5.1097004191707 3.22670041933542e-07
"FI" 7.75434243176179e-05 7.09947486180164e-05 3.31158487203077e-05 3.08104086637523e-05 0.001447449326377 416 0.566239466442697 0.571231004331309
"FS" 0 0 2.19261629225899e-07 1.27777499503038e-07 0 416 -Inf 0
"FU" 0 0 3.64473945501827e-05 3.45795227841694e-05 0 416 -Inf 0
"FY" 0.000111196625619703 0.000103001982139106 0.000639454872001921 0.000592668257982201 0.00150452602385028 416 -6.63815143398465 3.17641444986724e-11
"GA" 0.000303555720894264 0.000257199113985659 0.000506391018257423 0.000434335670628217 0.00275916322860589 416 -1.3094154771661 0.190393651593924
"GC" 0 0 4.34924122930596e-05 4.32217858428991e-05 0 416 -Inf 0
"GM" 0.00281839189318621 0.00194686710799834 0.00255393138138757 0.00177474255732096 0.00857777453383264 416 0.409274661725192 0.682338108179869
"GU" 9.61538461538462e-05 8.74529044513721e-05 0.000449421874480158 0.000415913999307581 0.00178236230077064 416 -3.75867360166609 0.000170816499927686
"GY" 0 0 0.000176815025293825 0.000174408143629654 0 416 -Inf 0
"HA" 0.000102426539304389 9.74395723143637e-05 0.000127656988115381 0.000120895826489762 0.00122922590776797 416 -0.389200705908729 0.69712768130248
"HB" 0 0 6.33314583073762e-05 5.86255001288571e-05 0 416 -Inf 0
"HE" 0.000248296789849457 0.000198687227428611 0.000239685659582766 0.000190037998241541 0.00254475343432991 416 0.0693231616194221 0.944732389778088
"HF" 0 0 6.3762427225686e-05 5.70355659190616e-05 0 416 -Inf 0
"HI" 0.000225498448537664 0.000198962916084174 0.000352808166372278 0.000308832483337087 0.00192435510936176 416 -1.16449830833647 0.244222128506066
"HL" 0.00035398764459712 0.00030013105990622 0.000808919508253048 0.00067811578235564 0.00273392980937353 416 -2.81989898789859 0.00480387688506328
"HQ" 0 0 7.68568944026235e-05 7.4047426325183e-05 0 416 -Inf 0
"HT" 5.05881718109216e-05 4.0148845971177e-05 0.000441736429184305 0.000367521715165227 0.000585063871256597 416 -11.4126387237417 3.61590852493498e-30
"HY" 0.0117001215343304 0.00693182293632453 0.00669965742043091 0.00433489143061132 0.0236708916527315 416 2.2376519849547 0.0252437586876216
"IA" 0.0242612696505499 0.0146806354816795 0.0172091738253798 0.0110349385073841 0.0356478874487982 416 2.08589976494722 0.0369877035972725
"ID" 0 0 1.42591479815644e-05 1.39102911024509e-05 0 416 -Inf 0
"IF" 0 0 5.94872608969498e-05 5.71726428368316e-05 0 416 -Inf 0
"IG" 0.0018917688172481 0.00137700473186068 0.00431139232899385 0.00316189881627115 0.00854613850543767 416 -4.25979979627733 2.04610091311551e-05
"IH" 0 0 4.97817718785762e-05 4.81417605640215e-05 0 416 -Inf 0
"II" 0 0 4.66793578374729e-05 4.50268413648179e-05 0 416 -Inf 0
"IJ" 0 0 0.000147632015691106 0.000142828781087438 0 416 -Inf 0
"IK" 0 0 2.26332993712472e-05 2.22138173192196e-05 0 416 -Inf 0
"IL" 0 0 3.62052417440366e-07 3.55749243453013e-07 0 416 -Inf 0
"IM" 0 0 2.71492819811744e-05 2.65373369789733e-05 0 416 -Inf 0
"IO" 0 0 3.29926290991694e-06 3.2686556591089e-06 0 416 -Inf 0
"IP" 0 0 2.78426248819642e-06 2.75160212127558e-06 0 416 -Inf 0
"IQ" 0.000984572173009075 0.000959433632397118 0.00166390498069327 0.00161233677254419 0.00738630039473403 416 -1.8028867899656 0.0714059960424197
"IU" 0.0001232741617357 0.0001213844499889 6.39637281270176e-05 6.28688282538579e-05 0.00247511912296033 416 0.482194645597711 0.629667680156085
"IX" 0 0 2.52767009699097e-06 2.51737336786803e-06 0 416 -Inf 0
"IY" 0 0 0.000303417753604683 0.0002617266710183 0 416 -Inf 0
"JA" 0.00053722422632544 0.000504132284000243 0.000766885431546541 0.000725036136045474 0.00736086509483645 416 -0.612098191011051 0.540472794342303
"JB" 0 0 1.86353953326874e-05 1.82499748254697e-05 0 416 -Inf 0
"JI" 2.28937728937729e-05 2.02059795168842e-05 0.000253162462958562 0.000221381210004886 0.000412028061122516 416 -9.95851033170119 2.31505434465979e-23
"JM" 0 0 2.84534852856102e-06 2.59893673171874e-06 0 416 -Inf 0
"JO" 0 0 9.93825084801637e-05 8.87418746944794e-05 0 416 -Inf 0
"JS" 0 0 5.24775502777522e-06 4.97114044002065e-06 0 416 -Inf 0
"JU" 0 0 7.95271694507989e-05 7.39292339326666e-05 0 416 -Inf 0
"JW" 0 0 5.9898657461441e-08 5.7984659631158e-08 0 416 -Inf 0
"JY" 0.000325522608594879 0.000282394184271262 0.00094264714810083 0.000835300710328195 0.00296621052577593 416 -3.80186253276085 0.000143612406518947
"KA" 0 0 5.30703708112536e-06 5.09794916374691e-06 0 416 -Inf 0
"KI" 0.000392666039806441 0.000330967039968003 0.00371015500302227 0.00313594211814622 0.00280507859429556 416 -20.395325375707 1.83986673479534e-92
"KM" 0.0313344971453465 0.0195674709899913 0.0139576700819131 0.0095312168092173 0.0413971866697819 416 4.94478586860098 7.62276064754628e-07
"KU" 0 0 9.1407385378519e-06 9.00589780694986e-06 0 416 -Inf 0
"KV" 0 0 7.50491140743805e-06 7.34781550212014e-06 0 416 -Inf 0
"KY" 0 0 3.87757528354718e-06 3.85499612042514e-06 0 416 -Inf 0
"LE" 0 0 3.28319633544291e-05 3.24377072834255e-05 0 416 -Inf 0
"LI" 0.00290662689515013 0.00145722669666883 0.00531574608524175 0.00273092217344776 0.00686734825984742 416 -3.78288553003422 0.000155020718180814
"LJ" 0.000796070386405944 0.000585275951634091 0.00164256527428425 0.00119641266627901 0.0063076313022736 416 -1.97614469464896 0.0481383915954455
"LQ" 0.000138969706587671 0.000120272059721626 0.000363198745625917 0.000311329968005461 0.00187355504248435 416 -2.07991327817876 0.0375334878994298
"MA" 0.00629578755134279 0.00465208387880924 0.00593670028990882 0.00449935475973783 0.0264459847688086 416 0.117790094072421 0.906233978689534
"MC" 0.000720629173764446 0.00044279804266936 0.000864148137604241 0.000572700703791174 0.00338039168158616 416 -0.783786337584356 0.433165491879562
"ML" 0 0 8.02593340739016e-06 6.48427946807781e-06 0 416 -Inf 0
"MM" 4.21727395411606e-05 4.17046969685192e-05 6.57381958141777e-06 6.49881798333781e-06 0.000850579058491546 416 0.844203544145499 0.398555674416792
"MQ" 0 0 0.000103411475006537 8.73203595472342e-05 0 416 -Inf 0
"MR" 0 0 1.84727722291754e-05 1.78623798181764e-05 0 416 -Inf 0
"MU" 0 0 5.72072892760668e-06 5.22783752377593e-06 0 416 -Inf 0
"MW" 0 0 2.59739431578407e-05 2.41956915253913e-05 0 416 -Inf 0
"MY" 0.00173613598707881 0.00128409864197002 0.00327198249612285 0.00240069409618496 0.0148426893253544 416 -1.53436938145844 0.124938805743508
"NE" 0.00226083241219634 0.00186765946434245 0.00346007721183814 0.00284791215799607 0.0132129892171512 416 -1.51315573820452 0.130240104226026
"NI" 0.00478547224140439 0.00369360385337072 0.00870059929431603 0.00689029172303535 0.0188780675778902 416 -3.45373778519062 0.000552874657448163
"NM" 0 0 3.36711501749196e-06 3.3022962880088e-06 0 416 -Inf 0
"NN" 0.000146159091432792 0.000124938906749375 0.000984351171957393 0.000851086866654593 0.00174685228671356 416 -8.47843322637944 2.28246678363114e-17
"NQ" 0.000582257654626076 0.00053735121676997 0.000438004582802446 0.00040175552216137 0.00839320833283475 416 0.329506937204739 0.741772551330149
"NS" 2.82805429864253e-05 2.68183376439599e-05 0.000156276367289233 0.000149100332242497 0.000546946304961012 416 -4.55999626261985 5.11545312014374e-06
"NU" 0 0 0.000101257343244974 9.82742491203983e-05 0 416 -Inf 0
"OA" 0 0 0.000127335070423898 0.000120724857861879 0 416 -Inf 0
"OE" 0 0 4.38523109246035e-06 4.34100658792607e-06 0 416 -Inf 0
"OI" 0.000126356015779093 7.90879095676867e-05 0.000464547460581048 0.000304475282089782 0.00117866822301145 416 -3.90018018020805 9.61211256137646e-05
"OM" 0 0 6.87906984674301e-05 6.58505541502102e-05 0 416 -Inf 0
"OO" 0 0 4.22270430169772e-05 3.43208325358324e-05 0 416 -Inf 0
"OP" 0.000252053131376563 0.000189873235510441 0.000151900582555966 0.000117544804355567 0.00177497457734466 416 0.831119693889883 0.405906015295758
"OR" 0 0 2.09761169276166e-06 2.05444623063058e-06 0 416 -Inf 0
"OT" 0.000403622867478706 0.000320607638667657 0.00152311677253454 0.00119742704086088 0.00470631567269584 416 -3.79993145603767 0.000144736115461087
"OU" 0 0 8.68064873788e-06 8.41905806581822e-06 0 416 -Inf 0
"OX" 0 0 7.47935272627758e-07 6.98026530573804e-07 0 416 -Inf 0
"OY" 0 0 9.02972854982692e-05 8.43189384764205e-05 0 416 -Inf 0
"OZ" 0 0 6.33200186172171e-06 5.3639942983353e-06 0 416 -Inf 0
"PA" 0 0 2.39834473337226e-06 2.31239480738618e-06 0 416 -Inf 0
"PC" 4.00641025641026e-05 3.96437846546071e-05 6.43758704558413e-05 6.3592235405582e-05 0.000808418910401086 416 -0.604209605334203 0.545704295657006
"PD" 0 0 5.13898129862106e-07 5.12141310263164e-07 0 416 -Inf 0
"PE" 0 0 7.20128997837894e-05 7.06521495417372e-05 0 416 -Inf 0
"PF" 0 0 2.03692597936195e-07 2.03398432085208e-07 0 416 -Inf 0
"PG" 0 0 9.88327848113776e-08 9.8325174221889e-08 0 416 -Inf 0
"PH" 0 0 7.14453866106344e-08 7.08126074472802e-08 0 416 -Inf 0
"PI" 9.61538461538462e-05 8.82939862139204e-05 0.000200090594497895 0.0001864003815985 0.00179970507456861 416 -1.11184089336222 0.266206565863082
"PJ" 3.75600961538462e-05 3.49921189155979e-05 4.09993261154996e-06 3.86882309466587e-06 0.000713675746726404 416 0.889470006210491 0.37375053590077
"PK" 0 0 1.10927801271484e-05 1.0922826432375e-05 0 416 -Inf 0
"PM" 2.82805429864253e-05 2.73427649128578e-05 0.000195123178654971 0.00018929063404014 0.000557643931075282 416 -5.9233162873124 3.15513169698371e-09
"PN" 0 0 0.000440299136469872 0.000432085640904375 0 416 -Inf 0
"PO" 0.000278041661494032 0.000264286920488355 0.000650590340604207 0.000618920145430136 0.00237474406475444 416 -3.04585535929484 0.00232019420967817
"PQ" 0 0 6.24945167785144e-05 6.21896713327651e-05 0 416 -Inf 0
"PS" 0 0 0.000116215844017614 0.000112773088333168 0 416 -Inf 0
"PT" 0.000273930575035063 0.000223828890149763 0.000523534296038783 0.000425443244954732 0.00252904004868311 416 -1.62596955300294 0.103956132524666
"PU" 0.0001232741617357 0.000121320932500412 8.46469345008497e-05 8.31804082264173e-05 0.00247383483899896 416 0.314457981536805 0.753173224860399
"PW" 0.000532838904060602 0.000336485522370343 0.00085604643707309 0.000564737854843403 0.00213317879528001 416 -2.18240139997346 0.0290799211016771
"PY" 0.00592246077502256 0.0040476388858557 0.0114750039627319 0.00779666454214054 0.0137702012757821 416 -5.55296312537614 2.80867340865788e-08
"PZ" 0 0 2.36329775311352e-05 2.33835602157968e-05 0 416 -Inf 0
"QA" 0.00848890621865815 0.00449403570852799 0.00875201133718875 0.00501504660886046 0.00820095732774338 416 -1.29577298913752 0.195053706474187
"QC" 0 0 5.81466217306938e-07 5.6688099505877e-07 0 416 -Inf 0
"QD" 0 0 3.90129413729122e-08 3.85720285055637e-08 0 416 -Inf 0
"QE" 6.16370808678501e-05 5.05635887342488e-05 0.000286700682597331 0.000240540585719676 0.00103064912150907 416 -3.75955849394833 0.000170213478008112
"QF" 0 0 3.13668156391301e-06 3.07423828424972e-06 0 416 -Inf 0
"QG" 0 0 8.65128199289672e-06 8.51274359810334e-06 0 416 -Inf 0
"QH" 0 0 4.40674501104713e-06 4.34600938149132e-06 0 416 -Inf 0
"QJ" 0 0 4.32647402380423e-06 4.09321718338113e-06 0 416 -Inf 0
"QK" 0 0 3.68015431375875e-07 3.61228118229271e-07 0 416 -Inf 0
"QQ" 0 0 4.46166406640819e-05 4.41850468035201e-05 0 416 -Inf 0
"QU" 0.000748735071326054 0.000597284527495655 0.000798491185598013 0.000661970397699257 0.00440669907820288 416 -0.299393726295835 0.76463964845928
"RA" 0.000603457084446613 0.000397230170734545 0.000519680442852399 0.000364159039802812 0.00312362455623166 416 0.215941882799033 0.829033049448001
"RB" 3.38569880823402e-05 3.12927046519281e-05 0.000206096961728785 0.000189563860307716 0.000638029849050062 416 -5.0594981556383 4.20361343808872e-07
"RE" 0 0 1.16051008286607e-06 1.15033308733573e-06 0 416 -Inf 0
"RO" 0.00108596208835404 0.00050662467552443 0.000797921533570232 0.000417599759950061 0.00229869730154327 416 0.789907886357894 0.429581565347855
"RP" 0.000310173697270471 0.000241448313765872 8.10880023253885e-05 6.26542627156829e-05 0.00492029631344698 416 0.741154025807469 0.458600055267848
"RQ" 3.48383500557414e-05 2.70379703850406e-05 1.96786425369409e-05 1.60327313618497e-05 0.000551146976073249 416 0.40726652575189 0.683812245548387
"RT" 0.08045040760147 0.0378592257131024 0.0975849160276244 0.0450144045071477 0.0557925040615864 416 -2.61572029488471 0.00890394633358075
"RU" 0.343657614432422 0.120859040196636 0.324858879605778 0.1185269504981 0.0344356919500511 416 1.38128438336944 0.167191537957003
"RX" 0.0074968147564638 0.00347274189281204 0.0159316081230218 0.00723296493122073 0.0107999491915736 416 -7.10131142589697 1.23578548344453e-12
"RY" 0 0 8.40983616613309e-05 7.99128710499846e-05 0 416 -Inf 0
"RZ" 6.7987567987568e-05 5.69267035097284e-05 0.000286408747594171 0.00023742841557439 0.000852699566599609 416 -4.31749604717127 1.57809233933382e-05
"SA" 0.00216225905144544 0.00159090815896388 0.00207602450297354 0.00157157548585221 0.011021631612519 416 0.0357760741465266 0.971460910916243
"SD" 0.000727627233541372 0.000620612648607873 0.00126187985194498 0.00108307011410867 0.00377367116451767 416 -2.49950728401278 0.0124366142413081
"SI" 9.61538461538462e-05 9.34998124293162e-05 2.20382306488025e-05 2.15251497758129e-05 0.00190618629226426 416 0.770124537866718 0.441226021671313
"SR" 0 0 5.62329784692731e-06 5.53865010226745e-06 0 416 -Inf 0
"SU" 0.00668717376660487 0.00557906850035305 0.00679952263136635 0.00571653302157831 0.0347684940294722 416 -0.080640165266879 0.935728122938427
"SY" 0.000491110464868596 0.000475989237644207 0.000513184341670073 0.000496579348590864 0.0063047588644064 416 -0.0666096069727673 0.946892497475561
"TA" 0 0 2.59362443044125e-05 2.42276204270723e-05 0 416 -Inf 0
"TC" 0.000451089202270279 0.000392435554359912 0.00381355868996116 0.00324581875379289 0.00354088166074967 416 -16.4359704815283 1.05718637559929e-60
"TD" 0.000246452414637766 0.000190301327853442 0.00438465717754354 0.00335316409258594 0.00153490396966981 416 -42.0286852464297 0
"TE" 4.71342383107089e-05 4.62245549408068e-05 1.56695189955547e-05 1.54211269451846e-05 0.000942737268382932 416 0.666430767947231 0.505135801695066
"TI" 0.000138522030505726 0.000108346452818656 0.000181143053900622 0.000147334439702465 0.00125673765014466 416 -0.632751014957997 0.526896249906815
"TM" 0.00431071079749562 0.00259527709233721 0.00661419692541075 0.00415681760093815 0.00797993382904735 416 -3.99117370905434 6.57470996570933e-05
"TQ" 0.00404924245232821 0.00295198617251993 0.00553757712903277 0.00399974076358875 0.0124635610901622 416 -1.71460502072184 0.0864176676175008
"TU" 0.0592668194272636 0.0286988435255035 0.0367580610613026 0.0193468075387814 0.0361578211434606 416 5.27534154217062 1.32509065689583e-07
"UA" 0 0 0.000105434154201285 9.50714335641011e-05 0 416 -Inf 0
"UB" 0 0 0.000177383590796998 0.000172644336555554 0 416 -Inf 0
"UE" 0.000795153249452031 0.00073852146099643 0.000372503950917326 0.000343768393318823 0.00648575904551655 416 1.24139893635436 0.214458411875961
"UF" 0 0 0.000334529931474968 0.000324764553968723 0 416 -Inf 0
"UH" 0.000227083982144711 0.000217012898281635 0.000134748841994561 0.000129574050251008 0.00369250176292786 416 0.482981372499838 0.629108962526146
"UI" 4.98048463164742e-05 4.85508709555829e-05 0.000711037899186005 0.000693387721329997 0.000704563858545909 416 -18.6670698092789 9.17504959368825e-78
"UK" 0 0 8.85722210431201e-05 8.66715950535531e-05 0 416 -Inf 0
"UM" 0.032790034818232 0.0144520248017908 0.0334237833280423 0.0159162987798834 0.0244455556097083 416 -1.22171272467622 0.221816282585409
"UN" 0 0 1.07839097848258e-05 1.07092158366618e-05 0 416 -Inf 0
"UP" 0 0 2.70015356391194e-05 2.69104662922906e-05 0 416 -Inf 0
"UQ" 0 0 3.34204898087583e-06 3.29186542088988e-06 0 416 -Inf 0
"UR" 2.18531468531469e-05 2.11320734911188e-05 0.000652350302495757 0.000630607446094367 0.000431000003746974 416 -28.8420119808875 6.38161696119587e-183
"UT" 0 0 6.86678413343636e-07 6.86073891253714e-07 0 416 -Inf 0
"UU" 0 0 1.7104494596442e-05 1.69154778424499e-05 0 416 -Inf 0
"UY" 0.0001232741617357 0.000116400368443198 4.83168933836667e-05 4.60309838355141e-05 0.00237259256946578 416 0.604932966396145 0.545223537714556
"VE" 0.0504770722014645 0.0269334996234946 0.0441980664328542 0.0236998391856256 0.0438354973879084 416 1.50457949885838 0.132432220314104
"VI" 0.0105115810996566 0.00514415904655845 0.0146558175148657 0.00708704064191421 0.01158535189558 416 -3.42045412400425 0.000625166790147954
"VJ" 0.00682402300815844 0.00434392566756226 0.00553039770394389 0.00348919434114318 0.0148682478113983 416 1.17250983910795 0.240992424190801
"VM" 0 0 2.33613000922393e-06 2.30106869065219e-06 0 416 -Inf 0
"VP" 7.28438228438228e-05 5.8755072138598e-05 9.69784394116877e-05 7.79594225292099e-05 0.00119719454231237 416 -0.327176090189872 0.743534703873585
"VS" 0.000128240590399399 0.000101802365214888 0.000709869563601449 0.000557623630055539 0.00137884526388789 416 -6.74257390587664 1.55605044791064e-11
"VX" 0.0115873902657829 0.00651817251534177 0.0208230476978664 0.0115789647310228 0.0206440928128281 416 -4.99999268477635 5.73324895527703e-07
"VY" 0.0116138019352923 0.00841181459117636 0.0198587551968912 0.0141174246589713 0.0317326846550218 416 -3.667261990458 0.000245161570533826
"WC" 0.000491488118146839 0.000331021563705443 0.00513010648975838 0.00336985914629686 0.00270586144187713 416 -22.9059653867914 4.05179501111023e-116
"WE" 0.00155686924002869 0.00126077051420768 0.00169501808089471 0.00137480935091114 0.0121203939211793 416 -0.191903417476311 0.847817860439888
"WF" 0.000887800018272627 0.000726187775174693 0.000674493132751486 0.000567902351129547 0.00477808952027169 416 0.675667931711428 0.499251500650195
"WH" 0.000835552775918397 0.000713901516632367 0.00161642648140518 0.0013872084744038 0.0105661181705382 416 -1.29970354709347 0.193702594185445
"WM" 0 0 6.43944115941434e-05 5.40522537113276e-05 0 416 -Inf 0
"WQ" 0.000500982357562642 0.000445895920870138 0.00096141298814797 0.000850899229482772 0.00466834265599114 416 -1.76946717570972 0.0768159438555221
"WU" 0 0 0.000196722389841976 0.000169732417290414 0 416 -Inf 0
"WV" 0 0 0.000194450712806611 0.000164333694450042 0 416 -Inf 0
"WY" 0 0 5.17724064310583e-05 4.65046458894608e-05 0 416 -Inf 0
"XA" 0 0 4.87666459879009e-05 4.68727805080269e-05 0 416 -Inf 0
"XE" 0 0 4.0869325305278e-06 3.95249538571499e-06 0 416 -Inf 0
"XQ" 0.000859629792186843 0.000751977846959084 0.000405759121155471 0.000361374910467309 0.00761033248315652 416 1.04683573268122 0.295175346887526
"XW" 0.00262081538923613 0.00211381717570348 0.00725120303817138 0.00576508634302046 0.0254168912839436 416 -2.93000312674592 0.00338958593157069
"XY" 0.000715413281008302 0.000669210111568391 0.000750064243660507 0.000705716699978686 0.00695272219971948 416 -0.107093481563987 0.914714818386456
"YA" 0.00543703260578751 0.00445191206218921 0.0125755656300528 0.0100479592644888 0.0252520330770445 416 -4.51992974925274 6.18601550466719e-06
"YE" 0 0 5.47607331549421e-05 5.39557364513022e-05 0 416 -Inf 0
"YG" 0 0 1.52741576526675e-07 1.49844413926491e-07 0 416 -Inf 0
"YI" 0 0 1.31615902499636e-05 1.21048122340638e-05 0 416 -Inf 0
"YO" 0.00350530130307122 0.00226671047460489 0.00360650144723693 0.00248075381584589 0.00701464035909373 416 -0.62236187052845 0.533703946560695
"YP" 0.000550337799638173 0.000454515779683576 0.000549054134943363 0.000452679161223564 0.00466175992642673 416 0.0080355518211367 0.993588626261624
"YQ" 0 0 5.00703984595024e-05 4.79070099170466e-05 0 416 -Inf 0
"YR" 0 0 1.217748704451e-05 1.19715219033284e-05 0 416 -Inf 0
"YU" 2.42812742812743e-05 2.05374448280645e-05 0.000149026438143898 0.000127878174868646 0.000418859528433186 416 -5.22688338142966 1.72391154305143e-07
"YY" 0 0 7.94479792782313e-07 7.83032030517437e-07 0 416 -Inf 0
"ZA" 0.000576841519780201 0.000500795269882646 0.00123144607332846 0.00107558117906338 0.00904648240437343 416 -1.29590461177876 0.195008350196273
"ZC" 0.000742871924879204 0.000634194835846805 0.000622728627386588 0.000540687194616493 0.00560562597118253 416 0.340227685367892 0.733685070561593
"ZD" 0.00361407483613061 0.0027140412503481 0.00892672651319942 0.00673250211614485 0.0172537142717869 416 -4.75033028750498 2.03084672318174e-06
"ZE" 0.00109600097213519 0.000859841269301304 0.00131270338179375 0.00106835293820945 0.00766588048383371 416 -0.554772577431431 0.579050226288104
"ZK" 0.000218531468531469 0.000189384436723764 5.12527562566652e-05 4.40340810415893e-05 0.00385845417780425 416 0.768332877134571 0.442289447024652
"ZM" 0.00927619785353668 0.00685539059163976 0.00762836680912951 0.00583760302041102 0.017461489953131 416 1.18883753913726 0.23450360288405
"ZQ" 0 0 1.1604130731329e-06 1.14641147338056e-06 0 416 -Inf 0
"ZR" 0 0 2.24732313575184e-05 2.19787855252212e-05 0 416 -Inf 0
