"Q" "C" "Qworld" "Cworld" "sigma" "N" "score" "pvalue"
"AA" 0.00350363404206316 0.00318420252443252 0.00138998831315863 0.00126223401351721 0.0404662802731426 1030 1.52430402075691 0.127432783234825
"AC" 0.000216509397103646 0.0002108259554468 0.000296913510688844 0.000289428402764521 0.00404565027721297 1030 -0.623542906048308 0.532927816069669
"AD" 0.000107409887289365 9.76830260320493e-05 0.000184348350602918 0.000166868220155874 0.00228190447904435 1030 -0.973048114369229 0.330529389592227
"AE" 0 0 5.7752946626096e-06 5.3819933443675e-06 0 1030 -Inf 0
"AF" 0 0 1.99178401148043e-06 1.96032593430566e-06 0 1030 -Inf 0
"AH" 1.54106950223455e-05 1.37447932816304e-05 0.0001253150568421 0.000111061371754029 0.000441101614135141 1030 -7.08054678304599 1.43586779542773e-12
"AI" 9.71015230723969e-05 9.47854319806994e-05 3.69893901003534e-05 3.61296993502895e-05 0.00176491747734995 1030 1.0666075959017 0.286149069011668
"AM" 0 0 2.02320901099452e-05 1.87760584863334e-05 0 1030 -Inf 0
"AQ" 7.14138418395255e-05 6.38451623894067e-05 0.00019772695705432 0.000175899183090338 0.0010731648753009 1030 -3.35103996252449 0.000805086832526868
"AY" 0.0018447925019061 0.000950207076165848 0.00190577135691489 0.000950061926422228 0.00404010974972966 1030 0.00115303296142383 0.999080013005835
"AZ" 1.32996409096954e-05 1.0566051891788e-05 4.67976946305248e-05 3.6858876988748e-05 0.000339071429931857 1030 -2.48865484005816 0.0128227386717879
"BA" 0.00538822186554324 0.0037356737966742 0.00637432261937953 0.00436478266691346 0.0263041161640136 1030 -0.767574798391995 0.442739839491555
"BD" 0 0 3.02898004767252e-05 2.87148811198094e-05 0 1030 -Inf 0
"BF" 0.0001143037712617 0.000101915531715282 0.000152119477694626 0.00013569402239733 0.00258352289920733 1030 -0.419610683702626 0.674769882365099
"BI" 9.22007394499304e-07 9.03492214381483e-07 8.26552537215794e-06 8.09482263502068e-06 2.89963056851477e-05 1030 -7.95948899481375 1.72751234306871e-15
"BK" 0 0 8.47353196500084e-07 8.25661290076059e-07 0 1030 -Inf 0
"BM" 0 0 1.39603956647355e-06 1.37756529931772e-06 0 1030 -Inf 0
"BP" 6.7801631797256e-05 6.37829170944554e-05 6.69960972802511e-06 6.3073352577832e-06 0.00147344636329228 1030 1.25189428709098 0.210608386746337
"BQ" 1.36742786817995e-05 1.13773096212117e-05 1.66355096632502e-05 1.39411455228384e-05 0.000365087550823634 1030 -0.225378151680803 0.821685106869658
"BU" 0 0 2.9694526350828e-05 2.96336978197e-05 0 1030 -Inf 0
"BV" 0.00271229924194309 0.00128129841913059 0.00511817102943807 0.00243630438080381 0.00496924452814326 1030 -7.45954726509896 8.6820281165014e-14
"CN" 0.0195942100582063 0.00846760358660757 0.023298531841204 0.0100200442122319 0.0140316581236697 1030 -3.55078696448753 0.000384081170604188
"CO" 0.00648714608496947 0.00478373631423802 0.00552542569458063 0.00401883198433284 0.0162085794012632 1030 1.51454010824537 0.129888909285934
"CQ" 0.0506029285558025 0.0324897981758655 0.0556218672644912 0.0348999106943605 0.0454924391744635 1030 -1.70026536346747 0.0890810223960442
"CT" 0.000100151814918377 6.68948178271335e-05 0.00021759138969873 0.000142117998803227 0.000915759242078598 1030 -2.6362645915472 0.00838243405503133
"CU" 0.00654403510039761 0.00352151957103483 0.00811301984354872 0.00424613951223092 0.00806338786107661 1030 -2.88410683170654 0.00392525566668413
"DA" 0.00674328320623255 0.00449401994931139 0.00641944644008942 0.00418369482263549 0.0139370545919755 1030 0.714602535008816 0.474854677882155
"DB" 0.00320560630493116 0.00239879223058752 0.00341903438651951 0.00252324436717022 0.00990680512652033 1030 -0.403169202021252 0.686823754650829
"DE" 7.80033193098776e-05 6.71257881889416e-05 0.000366226825083344 0.000312854985538813 0.0011818276318822 1030 -6.67300168605941 2.50623511580299e-11
"DI" 5.39374325782093e-05 5.31654581750757e-05 4.36974994387372e-05 4.31623294536107e-05 0.00170590186776706 1030 0.188191682510994 0.850726392395739
"DK" 3.59582883854728e-05 3.57617860163262e-05 1.21072495997553e-05 1.20528501243557e-05 0.00114763069500509 1030 0.663022885473403 0.50731589706428
"DM" 0.00602932667642929 0.00472831756620813 0.00637818119721692 0.00494350069236105 0.0230546283497378 1030 -0.299549569204079 0.764520756459758
"DQ" 0.00417820814768086 0.00357580834617531 0.00420894568214781 0.00357736033760887 0.024650621802781 1030 -0.00202059862659259 0.998387796649318
"DR" 0.0242140926275477 0.0156886835933708 0.0269475247730445 0.017051078177572 0.0290848679459166 1030 -1.50333034751001 0.132753878099568
"DS" 0.00237769305262183 0.00179021125314921 0.00284008926512511 0.00210912901256842 0.012250566408562 1030 -0.83548979134222 0.403441992452808
"DT" 0 0 8.34740427403974e-06 8.25515320693771e-06 0 1030 -Inf 0
"DW" 1.54106950223455e-05 1.37004262080443e-05 0.000253844155734038 0.000224231125239389 0.000439678490747053 1030 -15.3673444042246 2.71053547750376e-53
"DX" 0.00117582247560001 0.0008339379913751 0.00176939566978014 0.00123556586422601 0.00528184118371627 1030 -2.44037809956319 0.0146718967149826
"DY" 0.00123680189793664 0.00112961521701443 0.000931643288636804 0.000847219815848979 0.00731048561586692 1030 1.23973826288341 0.215072219761127
"EA" 0.000293202605382965 0.000266785241848465 0.000823993316696495 0.000746679609273743 0.00237602791849031 1030 -6.4820552080259 9.04815167554463e-11
"EC" 5.71926436758183e-05 5.47945494281412e-05 8.54435351291298e-05 8.16706497648755e-05 0.00161987087435209 1030 -0.532481433392037 0.594392597682099
"EE" 0.000355938858771841 0.000327358400216638 0.000392428128242701 0.000359364382564211 0.00378927114713397 1030 -0.271077886369147 0.786331129141433
"EI" 0.000231487752109944 0.000221570418881302 0.000181205599896664 0.000173067881164852 0.00322902949668257 1030 0.482071061930385 0.629755466065035
"EN" 0 0 0 0 0 1030 NA NA
"EO" 0 0 3.12103530983298e-07 3.09255386389034e-07 0 1030 -Inf 0
"EP" 0.00566813395450538 0.00522905448793648 0.00449297289959411 0.00414836923427894 0.0227223164964427 1030 1.52638901886057 0.126913010790031
"EQ" 0.012925632008401 0.0087146367753533 0.00566341788443326 0.00399035866503666 0.0344273937556051 1030 4.40402647938502 1.06259964720938e-05
"ER" 0.000711010149681651 0.000609319630902518 0.000715079042883843 0.000613694403993241 0.0042721580314356 1030 -0.0328644853063284 0.973782654107611
"ES" 0.000178372035806885 0.000172687110308295 0.000257543714000854 0.000249567590000123 0.00295676946046155 1030 -0.834482498887777 0.404009145377228
"ET" 0.000119717663315622 0.000113024107097925 0.000320051724675177 0.000302355305728194 0.00180470122455051 1030 -3.36694082576814 0.000760069957649276
"EU" 0.000494687470047582 0.000465818547476099 0.00011173494646195 0.000105982209990631 0.00630471215775502 1030 1.83171695954648 0.0669936005922277
"EV" 0.00147935269883778 0.00126666700097294 0.00128626063539365 0.00109800742718421 0.00712181998537239 1030 0.760043796830211 0.447228405982879
"EW" 0.000281425298407432 0.000271820519185012 0.000234802484814294 0.000227005100620574 0.00382888044371188 1030 0.375642103272837 0.70718298543013
"EX" 0.000311794267928595 0.000296717799467546 0.000698905166338072 0.000665584684430595 0.00432903747199215 1030 -2.73461968337793 0.00624523869789925
"FA" 0 0 1.2139560005276e-05 1.20025626110732e-05 0 1030 -Inf 0
"FE" 0.000198360205974902 0.00017618022198991 4.06729850151076e-05 3.6800840476819e-05 0.0040246332780162 1030 1.11145230669751 0.266373708203507
"FF" 0.000677806966091055 0.000573945562007266 0.000421748038082666 0.000354474357551534 0.0102607082729086 1030 0.686465663856096 0.492419509393531
"FI" 0 0 3.31158487203077e-05 3.08104086637523e-05 0 1030 -Inf 0
"FS" 0 0 2.19261629225899e-07 1.27777499503038e-07 0 1030 -Inf 0
"FU" 0.000107874865156419 0.000101742205233914 3.64473945501827e-05 3.45795227841694e-05 0.00326474239663485 1030 0.660233758603901 0.509103831565591
"FY" 0.000151253814273612 0.000140804045022903 0.000639454872001921 0.000592668257982201 0.00231068785688096 1030 -6.27603385221721 3.47318594077973e-10
"GA" 0.00031048125655933 0.000268332124761531 0.000506391018257423 0.000434335670628217 0.00370965295093392 1030 -1.43615956534282 0.150956941832181
"GC" 0.000121314155259044 0.000120594391087513 4.34924122930596e-05 4.32217858428991e-05 0.00218596472014666 1030 1.13595907206968 0.255973693708513
"GM" 0.00454146251448137 0.00305945482303068 0.00255393138138757 0.00177474255732096 0.0186981420068941 1030 2.20508852425192 0.0274478832023586
"GU" 0.000123533884125544 0.000114925689863561 0.000449421874480158 0.000415913999307581 0.00177722890029019 1030 -5.43531693685769 5.46991179447847e-08
"GY" 0.000135432613886955 0.000133379203908564 0.000176815025293825 0.000174408143629654 0.0020837515109402 1030 -0.631921277196426 0.527438319194472
"HA" 8.27582865923952e-05 7.78500411397456e-05 0.000127656988115381 0.000120895826489762 0.00129563548520065 1030 -1.06626809405396 0.286302468138826
"HB" 7.19165767709457e-05 6.64282506657203e-05 6.33314583073762e-05 5.86255001288571e-05 0.00213167673197817 1030 0.117474874529023 0.906483753387106
"HE" 0.000433783238215387 0.000338541908540079 0.000239685659582766 0.000190037998241541 0.00423285928772429 1030 1.12595924239366 0.260182771462444
"HF" 0.000114548332924454 0.000101967587365285 6.3762427225686e-05 5.70355659190616e-05 0.00234348694900464 1030 0.615335584198454 0.538333122226784
"HI" 0.000451338311241429 0.000388506180095169 0.000352808166372278 0.000308832483337087 0.00398189202246151 1030 0.642161259352819 0.520768484076434
"HL" 0.00119249301897576 0.000993042786885381 0.000808919508253048 0.00067811578235564 0.00753998693466795 1030 1.34047253885219 0.180091766404444
"HQ" 1.6739203213927e-05 1.61537721006014e-05 7.68568944026235e-05 7.4047426325183e-05 0.00051837562346348 1030 -3.58430538376777 0.000337976462203495
"HT" 0.000114450700498305 9.58849714572842e-05 0.000441736429184305 0.000367521715165227 0.00134153754395928 1030 -6.49836792707818 8.1196031905486e-11
"HY" 0.00618192055299604 0.00407497819009605 0.00669965742043091 0.00433489143061132 0.0179743866026671 1030 -0.464080091171924 0.642590364949165
"IA" 0.0148970058379856 0.00971706877879375 0.0172091738253798 0.0110349385073841 0.0316387908202149 1030 -1.33681471547717 0.181283124571079
"ID" 3.73412994772218e-06 3.64715118914667e-06 1.42591479815644e-05 1.39102911024509e-05 0.000117049113419637 1030 -2.81404302566625 0.00489226798954311
"IF" 2.58102010118966e-05 2.47962558113237e-05 5.94872608969498e-05 5.71726428368316e-05 0.000563420037429022 1030 -1.84422840657168 0.0651498601565381
"IG" 0.00293892157241393 0.0021902182496027 0.00431139232899385 0.00316189881627115 0.0106928743925983 1030 -2.91640385840445 0.00354091832974931
"IH" 0 0 4.97817718785762e-05 4.81417605640215e-05 0 1030 -Inf 0
"II" 1.83183733284484e-05 1.77038568687331e-05 4.66793578374729e-05 4.50268413648179e-05 0.000568160654959706 1030 -1.54338968164787 0.122736255714283
"IJ" 0.00019575912590639 0.000189036074664862 0.000147632015691106 0.000142828781087438 0.00404069061006228 1030 0.367006322501967 0.713614301924075
"IK" 9.45804275491134e-05 9.27577861293462e-05 2.26332993712472e-05 2.22138173192196e-05 0.0025814881616192 1030 0.877017711411317 0.380477018061252
"IL" 0 0 3.62052417440366e-07 3.55749243453013e-07 0 1030 -Inf 0
"IM" 0 0 2.71492819811744e-05 2.65373369789733e-05 0 1030 -Inf 0
"IO" 0 0 3.29926290991694e-06 3.2686556591089e-06 0 1030 -Inf 0
"IP" 0 0 2.78426248819642e-06 2.75160212127558e-06 0 1030 -Inf 0
"IQ" 0.00138032285234058 0.00133637053688085 0.00166390498069327 0.00161233677254419 0.00961000876201855 1030 -0.921617639231971 0.356728054366582
"IU" 5.71102227298686e-05 5.61020196824832e-05 6.39637281270176e-05 6.28688282538579e-05 0.00180015475432165 1030 -0.120640370223183 0.903975891536417
"IX" 0 0 2.52767009699097e-06 2.51737336786803e-06 0 1030 -Inf 0
"IY" 0 0 0.000303417753604683 0.0002617266710183 0 1030 -Inf 0
"JA" 0.000265981700107272 0.000252310010389729 0.000766885431546541 0.000725036136045474 0.00236850760676786 1030 -6.40550586468764 1.49871624041503e-10
"JB" 0 0 1.86353953326874e-05 1.82499748254697e-05 0 1030 -Inf 0
"JI" 0.000735683325232763 0.00063895249839975 0.000253162462958562 0.000221381210004886 0.00851072032502171 1030 1.57464595801859 0.115338188391479
"JM" 0 0 2.84534852856102e-06 2.59893673171874e-06 0 1030 -Inf 0
"JO" 0.000205525111741523 0.000179360826464932 9.93825084801637e-05 8.87418746944794e-05 0.00458853639005127 1030 0.633816391081759 0.526200654848382
"JS" 0 0 5.24775502777522e-06 4.97114044002065e-06 0 1030 -Inf 0
"JU" 2.6212230558695e-05 2.44857144211956e-05 7.95271694507989e-05 7.39292339326666e-05 0.000565738277024426 1030 -2.8048679902894 0.00503371911126537
"JW" 9.80680592331078e-06 9.47445833466387e-06 5.9898657461441e-08 5.7984659631158e-08 0.000304062698535471 1030 0.993902455258524 0.320270358928954
"JY" 0.000381204534835368 0.000339773194802231 0.00094264714810083 0.000835300710328195 0.00437285063072843 1030 -3.63681947833944 0.000276025234034608
"KA" 0 0 5.30703708112536e-06 5.09794916374691e-06 0 1030 -Inf 0
"KI" 0.00264278320507826 0.00225640157575266 0.00371015500302227 0.00313594211814622 0.0240121316675737 1030 -1.17555718248147 0.239771874116748
"KM" 0.0219704010845225 0.0151986942172983 0.0139576700819131 0.0095312168092173 0.0409653531381 1030 4.44008932169415 8.99215478523081e-06
"KU" 0 0 9.1407385378519e-06 9.00589780694986e-06 0 1030 -Inf 0
"KV" 0 0 7.50491140743805e-06 7.34781550212014e-06 0 1030 -Inf 0
"KY" 0 0 3.87757528354718e-06 3.85499612042514e-06 0 1030 -Inf 0
"LE" 9.22007394499304e-07 9.11863220421727e-07 3.28319633544291e-05 3.24377072834255e-05 2.92649947721498e-05 1030 -34.5729855411293 6.4361524269331e-262
"LI" 0.00525867598628716 0.00269955816578203 0.00531574608524175 0.00273092217344776 0.0123653555871958 1030 -0.081403589189615 0.935120994825579
"LJ" 0.00262246904616063 0.00187413421037904 0.00164256527428425 0.00119641266627901 0.0106607850543659 1030 2.04023745866974 0.0413266805347041
"LQ" 0.000628247769153552 0.000530962022321773 0.000363198745625917 0.000311329968005461 0.0051683335310122 1030 1.36384119312121 0.172617552411901
"MA" 0.00708758339727139 0.00543591914492916 0.00593670028990882 0.00449935475973783 0.0204848934063665 1030 1.46731224804821 0.142291133363125
"MC" 0.0017497479637313 0.00117635807172845 0.000864148137604241 0.000572700703791174 0.00701916256875869 1030 2.76009364432252 0.00577847952609072
"ML" 0 0 8.02593340739016e-06 6.48427946807781e-06 0 1030 -Inf 0
"MM" 4.41306266548985e-05 4.35715208749687e-05 6.57381958141777e-06 6.49881798333781e-06 0.00139828247530137 1030 0.850898872827519 0.394825531056311
"MQ" 8.25878730130488e-05 6.96232358362487e-05 0.000103411475006537 8.73203595472342e-05 0.00150359861137646 1030 -0.377736875098296 0.705626071458917
"MR" 0.000436893203883495 0.000420887197631312 1.84727722291754e-05 1.78623798181764e-05 0.00960074099463833 1030 1.34724211062831 0.177902269565723
"MU" 0 0 5.72072892760668e-06 5.22783752377593e-06 0 1030 -Inf 0
"MW" 1.70328734457503e-05 1.57824103443477e-05 2.59739431578407e-05 2.41956915253913e-05 0.000506476315177673 1030 -0.533119877073881 0.593950600355421
"MY" 0.0072579154758627 0.005160816699881 0.00327198249612285 0.00240069409618496 0.0233299045565205 1030 3.79694253180681 0.000146491732984146
"NE" 0.0038983411960354 0.00317673741454067 0.00346007721183814 0.00284791215799607 0.0159321388426381 1030 0.662383792659572 0.507725287975361
"NI" 0.00661853042203121 0.00530351771708902 0.00870059929431603 0.00689029172303535 0.030268919727838 1030 -1.68242908690053 0.0924856650457307
"NM" 0 0 3.36711501749196e-06 3.3022962880088e-06 0 1030 -Inf 0
"NN" 0.000986598583581295 0.000857081814151952 0.000984351171957393 0.000851086866654593 0.0080834665915633 1030 0.0238016107552885 0.981010855217568
"NQ" 0.000779362017341432 0.000707561412956022 0.000438004582802446 0.00040175552216137 0.00711164644251966 1030 1.38004834935972 0.167571758724466
"NS" 8.91864046486458e-05 8.52392930975623e-05 0.000156276367289233 0.000149100332242497 0.00139012717996716 1030 -1.47434818210419 0.140387868537868
"NU" 0.00017934469848647 0.000173685468620734 0.000101257343244974 9.82742491203983e-05 0.00392099049592287 1030 0.617246714173402 0.537072007744534
"OA" 0.000131372741868982 0.000124668583850315 0.000127335070423898 0.000120724857861879 0.00206016271028793 1030 0.0614361260408549 0.951011882265321
"OE" 0 0 4.38523109246035e-06 4.34100658792607e-06 0 1030 -Inf 0
"OI" 0.000662541342152993 0.000439402085409008 0.000464547460581048 0.000304475282089782 0.0101397144104619 1030 0.427062187695262 0.669334033084398
"OM" 0.000310679611650485 0.000295867500257582 6.87906984674301e-05 6.58505541502102e-05 0.00691522524131104 1030 1.06751040070517 0.285741419581733
"OO" 5.17967797563025e-05 4.17803515718108e-05 4.22270430169772e-05 3.43208325358324e-05 0.00098725408160011 1030 0.242493722846018 0.808397620183347
"OP" 0.000153750032711381 0.000119443448738577 0.000151900582555966 0.000117544804355567 0.00262428570613223 1030 0.0232194071121234 0.981475258143426
"OR" 5.63690381452597e-05 5.51252652584171e-05 2.09761169276166e-06 2.05444623063058e-06 0.00136383568229775 1030 1.24885596805162 0.211717758978976
"OT" 0.00264024479181193 0.00206003763886151 0.00152311677253454 0.00119742704086088 0.0105419473223234 1030 2.62610786388679 0.00863674436461117
"OU" 2.11059518784297e-05 2.05312748346681e-05 8.68064873788e-06 8.41905806581822e-06 0.000658890087152085 1030 0.589969110175816 0.555211359049234
"OX" 0 0 7.47935272627758e-07 6.98026530573804e-07 0 1030 -Inf 0
"OY" 0.000136707483689333 0.000127004301379429 9.02972854982692e-05 8.43189384764205e-05 0.00198261692743262 1030 0.690969345556278 0.48958480539988
"OZ" 8.28727765673108e-05 6.97940080925045e-05 6.33200186172171e-06 5.3639942983353e-06 0.00185950865739829 1030 1.11200984447769 0.266133917631354
"PA" 0 0 2.39834473337226e-06 2.31239480738618e-06 0 1030 -Inf 0
"PC" 0 0 6.43758704558413e-05 6.3592235405582e-05 0 1030 -Inf 0
"PD" 0 0 5.13898129862106e-07 5.12141310263164e-07 0 1030 -Inf 0
"PE" 6.06796116504854e-05 5.94421243240597e-05 7.20128997837894e-05 7.06521495417372e-05 0.00190731296320859 1030 -0.188626732372026 0.85038537950729
"PF" 0 0 2.03692597936195e-07 2.03398432085208e-07 0 1030 -Inf 0
"PG" 0 0 9.88327848113776e-08 9.8325174221889e-08 0 1030 -Inf 0
"PH" 0 0 7.14453866106344e-08 7.08126074472802e-08 0 1030 -Inf 0
"PI" 9.76320483666717e-05 9.14276408185324e-05 0.000200090594497895 0.0001864003815985 0.00191321197180664 1030 -1.59314202496802 0.111128333512226
"PJ" 0 0 4.09993261154996e-06 3.86882309466587e-06 0 1030 -Inf 0
"PK" 0 0 1.10927801271484e-05 1.0922826432375e-05 0 1030 -Inf 0
"PM" 0.00017789188716636 0.000172763186163611 0.000195123178654971 0.00018929063404014 0.00254300066612464 1030 -0.208582531762124 0.834774148270855
"PN" 0.00026346182899581 0.000258436259214914 0.000440299136469872 0.000432085640904375 0.00351729348562092 1030 -1.58446717309076 0.113087446181365
"PO" 0.000993421199827669 0.000943938230908151 0.000650590340604207 0.000618920145430136 0.00564842773119032 1030 1.84670941597729 0.0647892662949415
"PQ" 0 0 6.24945167785144e-05 6.21896713327651e-05 0 1030 -Inf 0
"PS" 0.0001822284406742 0.000176279991177271 0.000116215844017614 0.000112773088333168 0.00228914653233797 1030 0.890360638112148 0.373272270785676
"PT" 0.000393624313767971 0.000319416459695142 0.000523534296038783 0.000425443244954732 0.0044429617118084 1030 -0.765881599276509 0.443746755537655
"PU" 3.3478406427854e-05 3.28789800673688e-05 8.46469345008497e-05 8.31804082264173e-05 0.00105515973517011 1030 -1.52996225925291 0.12602607099795
"PW" 0.000524213819608131 0.000351760419253425 0.00085604643707309 0.000564737854843403 0.00252180574998392 1030 -2.71044485122795 0.00671930215293891
"PY" 0.014211624610355 0.00968801948742141 0.0114750039627319 0.00779666454214054 0.0320178283178539 1030 1.89583169703489 0.0579823030696787
"PZ" 0 0 2.36329775311352e-05 2.33835602157968e-05 0 1030 -Inf 0
"QA" 0.00822228645732855 0.00483162044159776 0.00875201133718875 0.00501504660886046 0.011789376097173 1030 -0.499331634756899 0.617545772517028
"QC" 0 0 5.81466217306938e-07 5.6688099505877e-07 0 1030 -Inf 0
"QD" 0 0 3.90129413729122e-08 3.85720285055637e-08 0 1030 -Inf 0
"QE" 1.47102088849662e-05 1.24681650340178e-05 0.000286700682597331 0.000240540585719676 0.000400139197202091 1030 -18.2928042866266 9.44298476267187e-75
"QF" 0 0 3.13668156391301e-06 3.07423828424972e-06 0 1030 -Inf 0
"QG" 0 0 8.65128199289672e-06 8.51274359810334e-06 0 1030 -Inf 0
"QH" 0 0 4.40674501104713e-06 4.34600938149132e-06 0 1030 -Inf 0
"QJ" 0 0 4.32647402380423e-06 4.09321718338113e-06 0 1030 -Inf 0
"QK" 0 0 3.68015431375875e-07 3.61228118229271e-07 0 1030 -Inf 0
"QQ" 1.40706345856198e-05 1.39455119650014e-05 4.46166406640819e-05 4.41850468035201e-05 0.000447551482888446 1030 -2.16845651882109 0.0301239694604551
"QU" 0.000657481989965673 0.000550054098051004 0.000798491185598013 0.000661970397699257 0.00535414831946332 1030 -0.670844026542483 0.502319897147593
"RA" 0.0004328614045478 0.000308571706045031 0.000519680442852399 0.000364159039802812 0.0028558455865275 1030 -0.624683067505181 0.532179088445786
"RB" 0.000672683525105092 0.000618796877473367 0.000206096961728785 0.000189563860307716 0.0118033576850089 1030 1.16709488419855 0.243172053603685
"RE" 0 0 1.16051008286607e-06 1.15033308733573e-06 0 1030 -Inf 0
"RO" 0.000883467703618406 0.000475052200404408 0.000797921533570232 0.000417599759950061 0.00536603493058751 1030 0.343616174292853 0.731134959277611
"RP" 0.000189192667657281 0.000145403059978905 8.10880023253885e-05 6.26542627156829e-05 0.00252295931223052 1030 1.05261621487335 0.29251692257731
"RQ" 0 0 1.96786425369409e-05 1.60327313618497e-05 0 1030 -Inf 0
"RT" 0.0815948868051094 0.0382645586508286 0.0975849160276244 0.0450144045071477 0.0506895345413791 1030 -4.2736028879868 1.9233946836202e-05
"RU" 0.30296737878113 0.113104083436207 0.324858879605778 0.1185269504981 0.0450253466257283 1030 -3.86536496144515 0.000110923207912101
"RX" 0.0147969812693487 0.00682859273962532 0.0159316081230218 0.00723296493122073 0.0149406837100158 1030 -0.868619194805917 0.385055452055221
"RY" 9.12060369710186e-05 8.68316424259031e-05 8.40983616613309e-05 7.99128710499846e-05 0.00190727639814391 1030 0.11642170567769 0.907318333719369
"RZ" 0.00035498965511159 0.000290996227974602 0.000286408747594171 0.00023742841557439 0.00541607617358434 1030 0.317422537862018 0.75092300803649
"SA" 0.00183064754847622 0.00139512892465088 0.00207602450297354 0.00157157548585221 0.0113392117602417 1030 -0.499400468284224 0.61749728936472
"SD" 0.00115899838015981 0.000996559202335817 0.00126187985194498 0.00108307011410867 0.0102358062452462 1030 -0.271248562389776 0.78619986507844
"SI" 2.11059518784297e-05 2.06624659378358e-05 2.20382306488025e-05 2.15251497758129e-05 0.000663099778146277 1030 -0.0417533562998615 0.966695318840156
"SR" 0 0 5.62329784692731e-06 5.53865010226745e-06 0 1030 -Inf 0
"SU" 0.0110054698156616 0.0092571641517006 0.00679952263136635 0.00571653302157831 0.0389646101726038 1030 2.91627825908231 0.00354234420084747
"SY" 0.00166244389432126 0.00160832853824635 0.000513184341670073 0.000496579348590864 0.0184555506480961 1030 1.93329632943406 0.0531997037403136
"TA" 0 0 2.59362443044125e-05 2.42276204270723e-05 0 1030 -Inf 0
"TC" 0.00163226506148988 0.00141078242021198 0.00381355868996116 0.00324581875379289 0.0103799117762088 1030 -5.67374244909833 1.39711132647109e-08
"TD" 0.00362500347872172 0.00280330101581445 0.00438465717754354 0.00335316409258594 0.0175444596676186 1030 -1.00584989008946 0.314487784061093
"TE" 2.36798484489699e-05 2.33314736082811e-05 1.56695189955547e-05 1.54211269451846e-05 0.00074876233927773 1030 0.339054986811723 0.734568307332461
"TI" 0.000131503951765413 0.000107954221408713 0.000181143053900622 0.000147334439702465 0.00222759789263778 1030 -0.567361592852219 0.57046853831727
"TM" 0.00718953236140965 0.00461922220124654 0.00661419692541075 0.00415681760093815 0.0179179516986294 1030 0.828232745266053 0.407538702631189
"TQ" 0.00890975620896636 0.00643711508297776 0.00553757712903277 0.00399974076358875 0.0222863640868966 1030 3.50995559493321 0.00044818153345354
"TU" 0.0332141533224801 0.0177765056264843 0.0367580610613026 0.0193468075387814 0.0351221544899791 1030 -1.43489665457426 0.151316549170784
"UA" 0.000131454201813368 0.000118297059070543 0.000105434154201285 9.50714335641011e-05 0.00236215828908305 1030 0.315556430658491 0.752339212346681
"UB" 0.000374225206899385 0.000364362883176828 0.000177383590796998 0.000172644336555554 0.00458039324634977 1030 1.34332152787258 0.179167884204095
"UE" 0.000350645653324084 0.000324148867548781 0.000372503950917326 0.000343768393318823 0.00340499845701077 1030 -0.184922688413776 0.853289675111612
"UF" 0.000382223234562482 0.000371177625751079 0.000334529931474968 0.000324764553968723 0.00393577539428351 1030 0.378467523685008 0.705083315055748
"UH" 7.86077429615023e-05 7.56924664316892e-05 0.000134748841994561 0.000129574050251008 0.00137693872937158 1030 -1.25586902736054 0.209163459713692
"UI" 0.000530443059288093 0.000517385560806518 0.000711037899186005 0.000693387721329997 0.0046970237871064 1030 -1.20257965376721 0.229139025056394
"UK" 3.3478406427854e-05 3.27755626313978e-05 8.85722210431201e-05 8.66715950535531e-05 0.00105167239898949 1030 -1.64473120367315 0.100025254949039
"UM" 0.0326316907654026 0.0160485538754699 0.0334237833280423 0.0159162987798834 0.0278177072391392 1030 0.152584245280647 0.878726149947837
"UN" 0 0 1.07839097848258e-05 1.07092158366618e-05 0 1030 -Inf 0
"UP" 5.24796641301496e-06 5.23028904164354e-06 2.70015356391194e-05 2.69104662922906e-05 0.000167857613893894 1030 -4.14515138079657 3.39589289724668e-05
"UQ" 0 0 3.34204898087583e-06 3.29186542088988e-06 0 1030 -Inf 0
"UR" 0.000592569916024563 0.000572902178995661 0.000652350302495757 0.000630607446094367 0.00535548684823425 1030 -0.345808059463199 0.729486967847791
"UT" 0 0 6.86678413343636e-07 6.86073891253714e-07 0 1030 -Inf 0
"UU" 0 0 1.7104494596442e-05 1.69154778424499e-05 0 1030 -Inf 0
"UY" 1.42775556824672e-05 1.36361474667107e-05 4.83168933836667e-05 4.60309838355141e-05 0.000437610006359843 1030 -2.3757851256457 0.0175116571178397
"VE" 0.0784217059665942 0.0403287968358031 0.0441980664328542 0.0236998391856256 0.0708387182674501 1030 7.53378019343337 4.92920757846157e-14
"VI" 0.0190973826240326 0.00894746579032641 0.0146558175148657 0.00708704064191421 0.0170423010021078 1030 3.50350371435951 0.000459180251615586
"VJ" 0.0069603696230676 0.00423714903637673 0.00553039770394389 0.00348919434114318 0.0127775955844587 1030 1.87864519778903 0.0602929553179325
"VM" 7.46825989544436e-05 7.34013959634226e-05 2.33613000922393e-06 2.30106869065219e-06 0.00235539592275885 1030 0.96878251792813 0.332653710853735
"VP" 0.000442279174653451 0.000344442444207998 9.69784394116877e-05 7.79594225292099e-05 0.00391524049082244 1030 2.18438765332563 0.0289337747040699
"VS" 0.000888537030748657 0.000688224163291714 0.000709869563601449 0.000557623630055539 0.00422546335478601 1030 0.991948723422289 0.321222539428277
"VX" 0.0321083545692011 0.017660410562113 0.0208230476978664 0.0115789647310228 0.0360475524784504 1030 5.41439171318413 6.14974064621032e-08
"VY" 0.0168710983164708 0.0121478309448182 0.0198587551968912 0.0141174246589713 0.0289722332157403 1030 -2.18179172105601 0.0291249078722676
"WC" 0.00409897535828229 0.00269717026839819 0.00513010648975838 0.00336985914629686 0.0156229725529942 1030 -1.38187636774799 0.167009665302706
"WE" 0.00151134128081909 0.00123788617201874 0.00169501808089471 0.00137480935091114 0.0123155608573209 1030 -0.356813593374947 0.721231359209659
"WF" 0.000366112011464797 0.000310327625661406 0.000674493132751486 0.000567902351129547 0.00305555806751634 1030 -2.70539894630745 0.00682224018197254
"WH" 0.00124586368454244 0.0010758244105973 0.00161642648140518 0.0013872084744038 0.016971289934542 1030 -0.588843847407195 0.555966028978424
"WM" 0.00014691079247138 0.000121520658138979 6.43944115941434e-05 5.40522537113276e-05 0.00233904036188134 1030 0.925723600822613 0.354589639578801
"WQ" 0.00125843379617431 0.00109518712319027 0.00096141298814797 0.000850899229482772 0.0132656587080975 1030 0.591005792571659 0.554516539762752
"WU" 0.000388413548931439 0.000329717023664567 0.000196722389841976 0.000169732417290414 0.00395500218157253 1030 1.29822534064161 0.194209912766743
"WV" 0.000238357487246784 0.000198556756329519 0.000194450712806611 0.000164333694450042 0.00337105704040846 1030 0.32581522440149 0.744564159328205
"WY" 6.57781273343446e-05 5.78771647972683e-05 5.17724064310583e-05 4.65046458894608e-05 0.000970837469276969 1030 0.375948841107563 0.70695492949013
"XA" 0.000163797008457203 0.000156426193436095 4.87666459879009e-05 4.68727805080269e-05 0.00230775428784531 1030 1.52354384681361 0.127622699616925
"XE" 4.43116753796365e-05 4.29665824545119e-05 4.0869325305278e-06 3.95249538571499e-06 0.000981990448986373 1030 1.27506638789253 0.202285745090572
"XQ" 0.000450269272612349 0.000403018936895986 0.000405759121155471 0.000361374910467309 0.00380097892325507 1030 0.351621857931184 0.725121870515608
"XW" 0.00369964226545577 0.00297716612809808 0.00725120303817138 0.00576508634302046 0.0156610503637546 1030 -5.71318210301782 1.1088291117675e-08
"XY" 0.00134583254602001 0.00126474930454512 0.000750064243660507 0.000705716699978686 0.012246199155741 1030 1.46505669859564 0.142905449279797
"YA" 0.00555765861971552 0.00452323176852036 0.0125755656300528 0.0100479592644888 0.0151448343368947 1030 -11.7075210357761 1.16640157427389e-31
"YE" 3.59582883854728e-05 3.53967667363502e-05 5.47607331549421e-05 5.39557364513022e-05 0.00113571849841406 1030 -0.524447205776755 0.59996753072728
"YG" 0 0 1.52741576526675e-07 1.49844413926491e-07 0 1030 -Inf 0
"YI" 0.000242718446601942 0.000221192178501567 1.31615902499636e-05 1.21048122340638e-05 0.00709655063133608 1030 0.945581787516921 0.344361937094542
"YO" 0.0021371236333207 0.00149120043250158 0.00360650144723693 0.00248075381584589 0.0061081657412218 1030 -5.19932574595677 2.00012735075115e-07
"YP" 0.000224431583551017 0.000187508338248699 0.000549054134943363 0.000452679161223564 0.00298880473673156 1030 -2.84738902006113 0.00440794604400046
"YQ" 0.000340571619500009 0.000324409873452451 5.00703984595024e-05 4.79070099170466e-05 0.00502586826623339 1030 1.76566026912404 0.0774528621570431
"YR" 0 0 1.217748704451e-05 1.19715219033284e-05 0 1030 -Inf 0
"YU" 9.00211985403014e-05 7.74507435027482e-05 0.000149026438143898 0.000127878174868646 0.00181836590743159 1030 -0.890029044124533 0.373450290893726
"YY" 0 0 7.94479792782313e-07 7.83032030517437e-07 0 1030 -Inf 0
"ZA" 0.00151680389378706 0.00133072283600092 0.00123144607332846 0.00107558117906338 0.0213144788490345 1030 0.384171608146669 0.700851260128247
"ZC" 0.000197206003224726 0.000172459898261765 0.000622728627386588 0.000540687194616493 0.00181921465935058 1030 -6.49606923016359 8.24457291686711e-11
"ZD" 0.00892576182931503 0.00682015048704012 0.00892672651319942 0.00673250211614485 0.0274661316609536 1030 0.102415328689412 0.918427017113557
"ZE" 0.000631826036303732 0.000519382400482045 0.00131270338179375 0.00106835293820945 0.00467032875984276 1030 -3.77242137151258 0.000161670922764607
"ZK" 6.47249190938511e-05 5.45915375926855e-05 5.12527562566652e-05 4.40340810415893e-05 0.00175161961482382 1030 0.19343636181358 0.846617240548651
"ZM" 0.00397787152602693 0.00308100148496322 0.00762836680912951 0.00583760302041102 0.0135004629169273 1030 -6.55305700375373 5.63709853656858e-11
"ZQ" 0 0 1.1604130731329e-06 1.14641147338056e-06 0 1030 -Inf 0
"ZR" 0 0 2.24732313575184e-05 2.19787855252212e-05 0 1030 -Inf 0
