"Q" "C" "Qworld" "Cworld" "sigma" "N" "score" "pvalue"
"AA" 0.00111523131760545 0.00101160311719462 0.00138998831315863 0.00126223401351721 0.017307371084182 1391 -0.540091157355934 0.589134168584152
"AC" 9.38294748942462e-05 9.1499275617264e-05 0.000296913510688844 0.000289428402764521 0.00157153519457314 1391 -4.69730935610128 2.63611038448987e-06
"AD" 2.26927797021255e-05 2.04842866853775e-05 0.000184348350602918 0.000166868220155874 0.000678411146190047 1391 -8.04755592037286 8.44637816588361e-16
"AE" 0 0 5.7752946626096e-06 5.3819933443675e-06 0 1391 -Inf 0
"AF" 0 0 1.99178401148043e-06 1.96032593430566e-06 0 1391 -Inf 0
"AH" 2.4248856024557e-05 2.14600209846115e-05 0.0001253150568421 0.000111061371754029 0.000566607065598588 1391 -5.89788276955797 3.68195406996411e-09
"AI" 1.99696461378704e-05 1.95110998301807e-05 3.69893901003534e-05 3.61296993502895e-05 0.000727677719658514 1391 -0.851763272193144 0.394345494993461
"AM" 4.49317038102085e-06 4.14298174662362e-06 2.02320901099452e-05 1.87760584863334e-05 0.000154515752743882 1391 -3.53204683095685 0.000412356322301049
"AQ" 9.82971286755067e-05 8.78240888419578e-05 0.00019772695705432 0.000175899183090338 0.00133111613050357 1391 -2.46774758360439 0.0135966158981414
"AY" 0.00288382754468295 0.00136984330546473 0.00190577135691489 0.000950061926422228 0.00689952467236047 1391 2.26917276751711 0.0232578216289857
"AZ" 0 0 4.67976946305248e-05 3.6858876988748e-05 0 1391 -Inf 0
"BA" 0.00482547003749141 0.00327042545835286 0.00637432261937953 0.00436478266691346 0.0270357974439133 1391 -1.50967507204654 0.131126355053416
"BD" 3.47417294628961e-05 3.27920522806085e-05 3.02898004767252e-05 2.87148811198094e-05 0.000659824193231952 1391 0.230459318464789 0.817734871874126
"BF" 9.76118257392097e-05 8.67850647637938e-05 0.000152119477694626 0.00013569402239733 0.00200782051632651 1391 -0.908504503432399 0.363611735520893
"BI" 1.77995624916305e-05 1.74148846016439e-05 8.26552537215794e-06 8.09482263502068e-06 0.000625060215242366 1391 0.556109747807566 0.578135831736595
"BK" 0 0 8.47353196500084e-07 8.25661290076059e-07 0 1391 -Inf 0
"BM" 0 0 1.39603956647355e-06 1.37756529931772e-06 0 1391 -Inf 0
"BP" 0 0 6.69960972802511e-06 6.3073352577832e-06 0 1391 -Inf 0
"BQ" 0 0 1.66355096632502e-05 1.39411455228384e-05 0 1391 -Inf 0
"BU" 0 0 2.9694526350828e-05 2.96336978197e-05 0 1391 -Inf 0
"BV" 0.00288832369793144 0.00133918387182942 0.00511817102943807 0.00243630438080381 0.00565101535701049 1391 -7.24088101548607 4.45779367863605e-13
"CN" 0.0190406984568299 0.00783629125683705 0.023298531841204 0.0100200442122319 0.0144220326001434 1391 -5.64729660040684 1.62990495011569e-08
"CO" 0.00476386087976222 0.00341812849731045 0.00552542569458063 0.00401883198433284 0.0101101964355351 1391 -2.21597126353336 0.026693470264685
"CQ" 0.0589986592111456 0.0360115888268326 0.0556218672644912 0.0348999106943605 0.0424234020808879 1391 0.97732078393813 0.328410366707923
"CT" 0.000153316457349034 9.81592517113657e-05 0.00021759138969873 0.000142117998803227 0.0015511194166656 1391 -1.05697237414201 0.290524195677842
"CU" 0.00900697831694999 0.00453322201775538 0.00811301984354872 0.00424613951223092 0.00984225692767922 1391 1.08786647942627 0.276654056073857
"DA" 0.00671453161012911 0.00427686751727876 0.00641944644008942 0.00418369482263549 0.0116821073488302 1391 0.29746168119083 0.766114058651715
"DB" 0.00375700584554065 0.00272964848405445 0.00341903438651951 0.00252324436717022 0.00975204193621453 1391 0.789380438790494 0.429889685297286
"DE" 9.35231098406328e-05 7.9040320939554e-05 0.000366226825083344 0.000312854985538813 0.00148087187866638 1391 -5.88867824206006 3.89296532584563e-09
"DI" 3.47858352079033e-05 3.44064992569136e-05 4.36974994387372e-05 4.31623294536107e-05 0.000956143687356403 1391 -0.341536979715053 0.732699370800123
"DK" 0 0 1.21072495997553e-05 1.20528501243557e-05 0 1391 -Inf 0
"DM" 0.00728935445051574 0.00560386930107729 0.00637818119721692 0.00494350069236105 0.0291605846697227 1391 0.844605213980036 0.398331296959304
"DQ" 0.00332776543911974 0.0028538715268302 0.00420894568214781 0.00357736033760887 0.0221045756120505 1391 -1.22071196837389 0.22219509463309
"DR" 0.0307272632980374 0.0189093765422376 0.0269475247730445 0.017051078177572 0.0327162329471291 1391 2.11843780393316 0.0341380070931313
"DS" 0.00161993643113045 0.00120587442190958 0.00284008926512511 0.00210912901256842 0.00971262185549516 1391 -3.46846456480857 0.00052344155291932
"DT" 0 0 8.34740427403974e-06 8.25515320693771e-06 0 1391 -Inf 0
"DW" 0.000104086271041192 9.20623010046438e-05 0.000253844155734038 0.000224231125239389 0.00158879720402109 1391 -3.10258811614676 0.00191836428492501
"DX" 0.000890830636504321 0.000619558458089116 0.00176939566978014 0.00123556586422601 0.0038471815041236 1391 -5.97182156147859 2.34619068581975e-09
"DY" 0.000599756210636376 0.000545824490846597 0.000931643288636804 0.000847219815848979 0.00396630628184267 1391 -2.83409124730557 0.00459562077702422
"EA" 0.000419029582094312 0.000379949924372613 0.000823993316696495 0.000746679609273743 0.00365393789608623 1391 -3.74324685769427 0.000181657603791089
"EC" 0.000136634011370219 0.000130719632683486 8.54435351291298e-05 8.16706497648755e-05 0.00239317655936904 1391 0.764396748236402 0.444630845980378
"EE" 0.00023962534177795 0.000219614595412579 0.000392428128242701 0.000359364382564211 0.00271931185504813 1391 -1.9167068902083 0.0552751794292271
"EI" 8.44400904696352e-05 8.07291910494713e-05 0.000181205599896664 0.000173067881164852 0.00173042955159699 1391 -1.99018455391251 0.0465706091794539
"EN" 0 0 0 0 0 1391 NA NA
"EO" 0 0 3.12103530983298e-07 3.09255386389034e-07 0 1391 -Inf 0
"EP" 0.00455512066027323 0.00419856277362155 0.00449297289959411 0.00414836923427894 0.0200311842950692 1391 0.0934554770899499 0.925541718970458
"EQ" 0.00387611205540379 0.00274545648915955 0.00566341788443326 0.00399035866503666 0.0135106545775057 1391 -3.43654788963808 0.000589178184488428
"ER" 0.000800787706785772 0.000684658387639572 0.000715079042883843 0.000613694403993241 0.00543830011625347 1391 0.486674264697018 0.62648918565576
"ES" 0.0001280486075081 0.000124105043596564 0.000257543714000854 0.000249567590000123 0.00219653081601236 1391 -2.13029801279735 0.0331470175180486
"ET" 9.62441599142406e-05 9.09297598077872e-05 0.000320051724675177 0.000302355305728194 0.00136461253739378 1391 -5.77845410940155 7.53901003177938e-09
"EU" 1.7512103090208e-05 1.66679860574851e-05 0.00011173494646195 0.000105982209990631 0.000450412807657955 1391 -7.39560083086113 1.4077029190541e-13
"EV" 0.00137878000786405 0.00117273264341307 0.00128626063539365 0.00109800742718421 0.00673262485772915 1391 0.413948515226214 0.678911812387442
"EW" 0.000118282225898955 0.000114382273128083 0.000234802484814294 0.000227005100620574 0.00155046182988521 1391 -2.70912417950017 0.00674610850346266
"EX" 0.000398059786676102 0.000378964569585827 0.000698905166338072 0.000665584684430595 0.00342108785754045 1391 -3.12468327733832 0.00177996598112996
"FA" 0 0 1.2139560005276e-05 1.20025626110732e-05 0 1391 -Inf 0
"FE" 6.82722944884459e-07 6.21137221629687e-07 4.06729850151076e-05 3.6800840476819e-05 2.31648925871852e-05 1391 -58.2503145244988 0
"FF" 0.000495726016933781 0.000419551891770541 0.000421748038082666 0.000354474357551534 0.00906606651791319 1391 0.267716878760752 0.788917256551844
"FI" 0 0 3.31158487203077e-05 3.08104086637523e-05 0 1391 -Inf 0
"FS" 0 0 2.19261629225899e-07 1.27777499503038e-07 0 1391 -Inf 0
"FU" 7.91839881640776e-05 7.54146986271057e-05 3.64473945501827e-05 3.45795227841694e-05 0.00203147961224392 1391 0.749696575268928 0.453437470634761
"FY" 0.000195981148533269 0.000181712608273343 0.000639454872001921 0.000592668257982201 0.00338992793299146 1391 -4.52134924549438 6.14467130432926e-06
"GA" 0.000197406349301001 0.000169193660575095 0.000506391018257423 0.000434335670628217 0.00217462353239533 1391 -4.54734626984626 5.43265754373139e-06
"GC" 0.000160903951032275 0.000159899935549561 4.34924122930596e-05 4.32217858428991e-05 0.00305768032164571 1391 1.42318389369807 0.154682853392738
"GM" 0.0010529495973798 0.000734235815607261 0.00255393138138757 0.00177474255732096 0.00818858380348452 1391 -4.73914138526102 2.14625715598823e-06
"GU" 0.000288510929098745 0.000265360151588629 0.000449421874480158 0.000415913999307581 0.00315685366604256 1391 -1.7786929077102 0.0752901225867861
"GY" 3.82838088263569e-05 3.78052017740049e-05 0.000176815025293825 0.000174408143629654 0.00082377414292843 1391 -6.18465475892049 6.22385287666152e-10
"HA" 3.48171651169991e-05 3.30819941062623e-05 0.000127656988115381 0.000120895826489762 0.000649515993047773 1391 -5.04239248567393 4.59747078971546e-07
"HB" 0 0 6.33314583073762e-05 5.86255001288571e-05 0 1391 -Inf 0
"HE" 0.000161859485383196 0.000128075738300734 0.000239685659582766 0.000190037998241541 0.00185791051545873 1391 -1.24384430356287 0.213556871241513
"HF" 1.52958991694327e-05 1.36995956808803e-05 6.3762427225686e-05 5.70355659190616e-05 0.000510923894501097 1391 -3.16341285712495 0.00155931026363414
"HI" 9.42328440878097e-05 8.28051446117447e-05 0.000352808166372278 0.000308832483337087 0.00134903726878467 1391 -6.24885703691694 4.13467149651112e-10
"HL" 0.000329846359885626 0.000278727892624856 0.000808919508253048 0.00067811578235564 0.0028558118465238 1391 -5.21589531323925 1.82931474678707e-07
"HQ" 1.28328802595194e-05 1.2375940739485e-05 7.68568944026235e-05 7.4047426325183e-05 0.000388747249583687 1391 -5.9167149365443 3.28435192858564e-09
"HT" 0.000693929204274837 0.000566515205350305 0.000441736429184305 0.000367521715165227 0.00635098368295612 1391 1.16858804035647 0.242569649055777
"HY" 0.0119359244071603 0.00747039396503778 0.00669965742043091 0.00433489143061132 0.0255075061826749 1391 4.5846134118526 4.54827163657221e-06
"IA" 0.00862289345812216 0.00550816977554805 0.0172091738253798 0.0110349385073841 0.0179421880065385 1391 -11.4883974989493 1.50884881223285e-30
"ID" 2.76502792678206e-06 2.69895004741705e-06 1.42591479815644e-05 1.39102911024509e-05 0.000100659658522278 1391 -4.15399219765558 3.26724319920948e-05
"IF" 0 0 5.94872608969498e-05 5.71726428368316e-05 0 1391 -Inf 0
"IG" 0.00338184205521968 0.00246759890394583 0.00431139232899385 0.00316189881627115 0.0126642057432355 1391 -2.04471469375793 0.0408829941364729
"IH" 9.98482306893522e-06 9.66944503791769e-06 4.97817718785762e-05 4.81417605640215e-05 0.00036062232624854 1391 -3.97886569863062 6.92448399613146e-05
"II" 6.70409548914222e-05 6.47456661920953e-05 4.66793578374729e-05 4.50268413648179e-05 0.00160457920665117 1391 0.458335434028448 0.646711470624108
"IJ" 8.82434474385944e-05 8.54760606678325e-05 0.000147632015691106 0.000142828781087438 0.0017652574161737 1391 -1.21174027510044 0.22561181691321
"IK" 0 0 2.26332993712472e-05 2.22138173192196e-05 0 1391 -Inf 0
"IL" 0 0 3.62052417440366e-07 3.55749243453013e-07 0 1391 -Inf 0
"IM" 0 0 2.71492819811744e-05 2.65373369789733e-05 0 1391 -Inf 0
"IO" 0 0 3.29926290991694e-06 3.2686556591089e-06 0 1391 -Inf 0
"IP" 0 0 2.78426248819642e-06 2.75160212127558e-06 0 1391 -Inf 0
"IQ" 0.00189238998859926 0.00183433780712415 0.00166390498069327 0.00161233677254419 0.0166553096855918 1391 0.497125282834962 0.61910070656809
"IU" 0.000121235725980083 0.000119235668886031 6.39637281270176e-05 6.28688282538579e-05 0.00280280093483922 1391 0.750058271211138 0.453219610234856
"IX" 0 0 2.52767009699097e-06 2.51737336786803e-06 0 1391 -Inf 0
"IY" 0.000416880195170856 0.000356583893503784 0.000303417753604683 0.0002617266710183 0.00776139569127933 1391 0.45582080495527 0.648518842055923
"JA" 0.000374183851756173 0.000354088344526394 0.000766885431546541 0.000725036136045474 0.00400804821451794 1391 -3.45178246013897 0.000556896523071164
"JB" 0 0 1.86353953326874e-05 1.82499748254697e-05 0 1391 -Inf 0
"JI" 0.000149054910119216 0.000130816186604064 0.000253162462958562 0.000221381210004886 0.00201334407726563 1391 -1.67766817913546 0.0934118947827124
"JM" 0 0 2.84534852856102e-06 2.59893673171874e-06 0 1391 -Inf 0
"JO" 1.17609694802362e-05 1.05853601609017e-05 9.93825084801637e-05 8.87418746944794e-05 0.000279263588441577 1391 -10.4379312997534 1.66397250177594e-25
"JS" 0 0 5.24775502777522e-06 4.97114044002065e-06 0 1391 -Inf 0
"JU" 8.00896593793947e-05 7.4259463629023e-05 7.95271694507989e-05 7.39292339326666e-05 0.00135907759386881 1391 0.00906223745282026 0.992769479616921
"JW" 0 0 5.9898657461441e-08 5.7984659631158e-08 0 1391 -Inf 0
"JY" 0.000300531418091408 0.000266474476994469 0.00094264714810083 0.000835300710328195 0.00409273113651766 1391 -5.18358192259953 2.17664554664957e-07
"KA" 0 0 5.30703708112536e-06 5.09794916374691e-06 0 1391 -Inf 0
"KI" 0.00213058948442909 0.00180659839272978 0.00371015500302227 0.00313594211814622 0.0246131781244144 1391 -2.01434177853907 0.0439736624794133
"KM" 0.0341202396677114 0.022558301308834 0.0139576700819131 0.0095312168092173 0.0510293207465184 1391 9.52118508746474 1.7121524232607e-21
"KU" 0 0 9.1407385378519e-06 9.00589780694986e-06 0 1391 -Inf 0
"KV" 0 0 7.50491140743805e-06 7.34781550212014e-06 0 1391 -Inf 0
"KY" 0 0 3.87757528354718e-06 3.85499612042514e-06 0 1391 -Inf 0
"LE" 4.06220152206253e-05 4.01277282055534e-05 3.28319633544291e-05 3.24377072834255e-05 0.00147140499998941 1391 0.194921102386006 0.845454713730889
"LI" 0.00447865955715432 0.00225248171037809 0.00531574608524175 0.00273092217344776 0.00844314656232515 1391 -2.11342645240738 0.0345642838603735
"LJ" 0.00130098101182954 0.000949141865302468 0.00164256527428425 0.00119641266627901 0.00655346499921071 1391 -1.40723107349489 0.159358880304255
"LQ" 0.000100985562363684 8.74618456676808e-05 0.000363198745625917 0.000311329968005461 0.00137410258486445 1391 -6.07626442522845 1.23014500086869e-09
"MA" 0.00428897961997741 0.00324759684734721 0.00593670028990882 0.00449935475973783 0.0145155014573069 1391 -3.21626531007883 0.0012987070825437
"MC" 0.00109790426552201 0.000709331199363662 0.000864148137604241 0.000572700703791174 0.00406053383853608 1391 1.25495477257131 0.2094951787862
"ML" 0 0 8.02593340739016e-06 6.48427946807781e-06 0 1391 -Inf 0
"MM" 0 0 6.57381958141777e-06 6.49881798333781e-06 0 1391 -Inf 0
"MQ" 0.000102723742005004 8.6386274039792e-05 0.000103411475006537 8.73203595472342e-05 0.00213689065577981 1391 -0.0163030139050982 0.986992653113141
"MR" 0 0 1.84727722291754e-05 1.78623798181764e-05 0 1391 -Inf 0
"MU" 1.63388013855304e-05 1.48013981573151e-05 5.72072892760668e-06 5.22783752377593e-06 0.00055200124084322 1391 0.646840200742251 0.517735371321488
"MW" 1.26124080870761e-05 1.18119235324137e-05 2.59739431578407e-05 2.41956915253913e-05 0.000440510999310329 1391 -1.04847870699993 0.294418107587037
"MY" 0.00255378245299712 0.00187613004147266 0.00327198249612285 0.00240069409618496 0.0110936101933678 1391 -1.76355574095859 0.0778068048102007
"NE" 0.00219299647252386 0.00182302327889795 0.00346007721183814 0.00284791215799607 0.0110863464811138 1391 -3.44787806292747 0.000565009053574427
"NI" 0.00560102024869088 0.00443679246025739 0.00870059929431603 0.00689029172303535 0.0205811358411231 1391 -4.44610953346895 8.74393770617443e-06
"NM" 0 0 3.36711501749196e-06 3.3022962880088e-06 0 1391 -Inf 0
"NN" 0.000589772227085165 0.000513124025961339 0.000984351171957393 0.000851086866654593 0.00697504136856911 1391 -1.80711474337958 0.0707443903327274
"NQ" 0.000154071903195376 0.000142015073010973 0.000438004582802446 0.00040175552216137 0.00207764492225618 1391 -4.6626393576847 3.12179549967981e-06
"NS" 0.000109934889325791 0.000105015678090662 0.000156276367289233 0.000149100332242497 0.00207708601562033 1391 -0.79158311399071 0.428603796083943
"NU" 7.11789367290431e-06 6.91940763942418e-06 0.000101257343244974 9.82742491203983e-05 0.000258063810160886 1391 -13.2028603074818 8.44658345791564e-40
"OA" 4.37090254419191e-05 4.14635951167473e-05 0.000127335070423898 0.000120724857861879 0.000960978942923875 1391 -3.07617246549751 0.00209676526185252
"OE" 0 0 4.38523109246035e-06 4.34100658792607e-06 0 1391 -Inf 0
"OI" 2.76502792678206e-06 1.81408981273267e-06 0.000464547460581048 0.000304475282089782 6.76564384037095e-05 1391 -166.844222249828 0
"OM" 1.38251396339103e-05 1.32548167999503e-05 6.87906984674301e-05 6.58505541502102e-05 0.000494341069468699 1391 -3.96814396581749 7.24345729796532e-05
"OO" 3.5121909374147e-05 2.85623099171626e-05 4.22270430169772e-05 3.43208325358324e-05 0.00064409630824126 1391 -0.333444710183866 0.738798618413448
"OP" 1.38251396339103e-05 1.06706731718193e-05 0.000151900582555966 0.000117544804355567 0.000397950352052659 1391 -10.0162987380248 1.29252984959647e-23
"OR" 0 0 2.09761169276166e-06 2.05444623063058e-06 0 1391 -Inf 0
"OT" 0.000774349133084538 0.000605631675075752 0.00152311677253454 0.00119742704086088 0.00523646041651857 1391 -4.21499729268996 2.49781185555133e-05
"OU" 0 0 8.68064873788e-06 8.41905806581822e-06 0 1391 -Inf 0
"OX" 0 0 7.47935272627758e-07 6.98026530573804e-07 0 1391 -Inf 0
"OY" 4.78382085105507e-05 4.46925138458817e-05 9.02972854982692e-05 8.43189384764205e-05 0.0011628600886635 1391 -1.27092812055127 0.203754221297356
"OZ" 0 0 6.33200186172171e-06 5.3639942983353e-06 0 1391 -Inf 0
"PA" 8.6615332646185e-06 8.35023122997113e-06 2.39834473337226e-06 2.31239480738618e-06 0.000311425072820801 1391 0.723088297989094 0.469625638186035
"PC" 0 0 6.43758704558413e-05 6.3592235405582e-05 0 1391 -Inf 0
"PD" 0 0 5.13898129862106e-07 5.12141310263164e-07 0 1391 -Inf 0
"PE" 6.31027442388117e-05 6.19603322609991e-05 7.20128997837894e-05 7.06521495417372e-05 0.00133046067266885 1391 -0.243653195396237 0.807499425605461
"PF" 0 0 2.03692597936195e-07 2.03398432085208e-07 0 1391 -Inf 0
"PG" 0 0 9.88327848113776e-08 9.8325174221889e-08 0 1391 -Inf 0
"PH" 0 0 7.14453866106344e-08 7.08126074472802e-08 0 1391 -Inf 0
"PI" 0.000133665976407537 0.000124158465951039 0.000200090594497895 0.0001864003815985 0.00223989713369413 1391 -1.03637861173673 0.300025544554602
"PJ" 0 0 4.09993261154996e-06 3.86882309466587e-06 0 1391 -Inf 0
"PK" 0 0 1.10927801271484e-05 1.0922826432375e-05 0 1391 -Inf 0
"PM" 0.000358178232890259 0.000347907857763144 0.000195123178654971 0.00018929063404014 0.00762116466211099 1391 0.776233825996906 0.437610937079272
"PN" 0.000146236209381623 0.000143535447592148 0.000440299136469872 0.000432085640904375 0.00216938302494277 1391 -4.96076548884442 7.0215920979707e-07
"PO" 0.000517957537333556 0.000492821348095445 0.000650590340604207 0.000618920145430136 0.00471405961893274 1391 -0.997652829792775 0.318447733879961
"PQ" 0 0 6.24945167785144e-05 6.21896713327651e-05 0 1391 -Inf 0
"PS" 3.45659745995416e-05 3.35836442517683e-05 0.000116215844017614 0.000112773088333168 0.00065746999021509 1391 -4.49215698228947 7.05054208319457e-06
"PT" 0.000287655742312095 0.000234443700138392 0.000523534296038783 0.000425443244954732 0.00270563512489241 1391 -2.63285334592536 0.00846708987305353
"PU" 0.000128463949146167 0.000126286173486447 8.46469345008497e-05 8.31804082264173e-05 0.0030642905702593 1391 0.524649157537756 0.599827107332017
"PW" 0.000812620266435891 0.000535125115364812 0.00085604643707309 0.000564737854843403 0.00436155995112581 1391 -0.253221341075335 0.800097176013936
"PY" 0.0115406319286157 0.00791560871785155 0.0114750039627319 0.00779666454214054 0.024112917748611 1391 0.183974224631274 0.854033675531549
"PZ" 3.71848583256898e-05 3.68204321536451e-05 2.36329775311352e-05 2.33835602157968e-05 0.00102317566535014 1391 0.489791834424898 0.62428120945768
"QA" 0.00880576250476847 0.00496077443633648 0.00875201133718875 0.00501504660886046 0.0111580753996773 1391 -0.181405930147548 0.856048964518793
"QC" 0 0 5.81466217306938e-07 5.6688099505877e-07 0 1391 -Inf 0
"QD" 0 0 3.90129413729122e-08 3.85720285055637e-08 0 1391 -Inf 0
"QE" 7.88730243598027e-05 6.60982948628281e-05 0.000286700682597331 0.000240540585719676 0.00104556287620686 1391 -6.22250410262701 4.89281983619033e-10
"QF" 0 0 3.13668156391301e-06 3.07423828424972e-06 0 1391 -Inf 0
"QG" 0 0 8.65128199289672e-06 8.51274359810334e-06 0 1391 -Inf 0
"QH" 0 0 4.40674501104713e-06 4.34600938149132e-06 0 1391 -Inf 0
"QJ" 0 0 4.32647402380423e-06 4.09321718338113e-06 0 1391 -Inf 0
"QK" 0 0 3.68015431375875e-07 3.61228118229271e-07 0 1391 -Inf 0
"QQ" 1.28376296600596e-05 1.2719911731611e-05 4.46166406640819e-05 4.41850468035201e-05 0.000474382323943742 1391 -2.4738004664726 0.0133684337413539
"QU" 0.000691932107127458 0.000571680365163617 0.000798491185598013 0.000661970397699257 0.00452732483687295 1391 -0.743809495275599 0.456991734881159
"RA" 0.000682712737349495 0.000470233537817876 0.000519680442852399 0.000364159039802812 0.0037868989310787 1391 1.0446981745558 0.296162488787588
"RB" 0.000244335088758811 0.000224316713403085 0.000206096961728785 0.000189563860307716 0.00287769754686815 1391 0.450410890680535 0.652414193635255
"RE" 0 0 1.16051008286607e-06 1.15033308733573e-06 0 1391 -Inf 0
"RO" 0.000780646563713174 0.000393680297869055 0.000797921533570232 0.000417599759950061 0.0031149407915853 1391 -0.286394832505798 0.774575732091016
"RP" 6.10289387586368e-05 4.68609908866792e-05 8.10880023253885e-05 6.26542627156829e-05 0.000813932468188608 1391 -0.723681219618454 0.469261465518543
"RQ" 1.04189458110628e-05 8.4145271424678e-06 1.96786425369409e-05 1.60327313618497e-05 0.000313767750844777 1391 -0.905540483595181 0.365179122801607
"RT" 0.121704793689476 0.0533175965719715 0.0975849160276244 0.0450144045071477 0.0562329370153409 1391 5.50703557288668 3.64926541319125e-08
"RU" 0.358535125827803 0.121545187377998 0.324858879605778 0.1185269504981 0.038268746900777 1391 2.94152568434352 0.00326599756800277
"RX" 0.0172610178054442 0.00741777050943794 0.0159316081230218 0.00723296493122073 0.0165625949800175 1391 0.416150345116303 0.677299991947498
"RY" 7.72909471687329e-05 7.33974679671211e-05 8.40983616613309e-05 7.99128710499846e-05 0.00171362141066931 1391 -0.141804487375931 0.88723443947831
"RZ" 0.000120944824027195 0.000101011270445057 0.000286408747594171 0.00023742841557439 0.003036537802217 1391 -1.67553625515066 0.0938290638694085
"SA" 0.000900982736332675 0.000685778225330464 0.00207602450297354 0.00157157548585221 0.00641212299322063 1391 -5.15223962876851 2.57393844118235e-07
"SD" 0.000784954987412958 0.000673951990370523 0.00126187985194498 0.00108307011410867 0.00655247270050693 1391 -2.32866525728417 0.0198768060250962
"SI" 0 0 2.20382306488025e-05 2.15251497758129e-05 0 1391 -Inf 0
"SR" 0 0 5.62329784692731e-06 5.53865010226745e-06 0 1391 -Inf 0
"SU" 0.00725150049501665 0.00605770300919474 0.00679952263136635 0.00571653302157831 0.0355582913434544 1391 0.357843803068153 0.720460208092676
"SY" 0.000135981128539215 0.000131580153841319 0.000513184341670073 0.000496579348590864 0.00187265676129424 1391 -7.26937860365262 3.6114490437647e-13
"TA" 0 0 2.59362443044125e-05 2.42276204270723e-05 0 1391 -Inf 0
"TC" 0.00200527938378918 0.0017102353493968 0.00381355868996116 0.00324581875379289 0.0135761961272072 1391 -4.21850794656677 2.45924305352241e-05
"TD" 0.00200201694291036 0.00152187342364685 0.00438465717754354 0.00335316409258594 0.0131589136027976 1391 -5.19039980683022 2.09843014744602e-07
"TE" 0.000119817876827223 0.000117751747610283 1.56695189955547e-05 1.54211269451846e-05 0.00439081559131932 1391 0.86920852190242 0.384733087079443
"TI" 0.000162357994745847 0.000131387940923121 0.000181143053900622 0.000147334439702465 0.00222131335202997 1391 -0.267743589748182 0.788896694568478
"TM" 0.0101490089831049 0.00624665955454244 0.00661419692541075 0.00415681760093815 0.0205203465817537 1391 3.7983267039392 0.00014567622749427
"TQ" 0.00559046545450703 0.00403856383714809 0.00553757712903277 0.00399974076358875 0.0183866811457044 1391 0.0787499224916498 0.937231536338259
"TU" 0.0249851089118602 0.0130407832790813 0.0367580610613026 0.0193468075387814 0.0277415300668646 1391 -8.47790979830811 2.292756081193e-17
"UA" 0.000169332027943798 0.000152298497765847 0.000105434154201285 9.50714335641011e-05 0.00260661114684093 1391 0.818820644291084 0.412888750723844
"UB" 0.000162231717022606 0.000158036809046958 0.000177383590796998 0.000172644336555554 0.00227113907510753 1391 -0.239881385419268 0.81042221187763
"UE" 0.000418390152379467 0.000385399120321497 0.000372503950917326 0.000343768393318823 0.00382288252657419 1391 0.406150140033527 0.68463228666318
"UF" 0.000460905832153371 0.000447179801510872 0.000334529931474968 0.000324764553968723 0.00483233008137957 1391 0.944805664072225 0.344758099657995
"UH" 4.84641769622083e-05 4.66112057514876e-05 0.000134748841994561 0.000129574050251008 0.000834869761535915 1391 -3.70619672176745 0.000210394902936732
"UI" 0.00108377077896245 0.00105661274175129 0.000711037899186005 0.000693387721329997 0.0104598735413591 1391 1.29512858198644 0.19527587651509
"UK" 5.12968608360165e-05 5.02369765084862e-05 8.85722210431201e-05 8.66715950535531e-05 0.00110760590897894 1391 -1.22685299655515 0.219877847660056
"UM" 0.0278498578592824 0.0129157716794879 0.0334237833280423 0.0159162987798834 0.0249725461341763 1391 -4.48124093507118 7.42102759565639e-06
"UN" 0 0 1.07839097848258e-05 1.07092158366618e-05 0 1391 -Inf 0
"UP" 0 0 2.70015356391194e-05 2.69104662922906e-05 0 1391 -Inf 0
"UQ" 0 0 3.34204898087583e-06 3.29186542088988e-06 0 1391 -Inf 0
"UR" 0.00066475719343169 0.000642006423648111 0.000652350302495757 0.000630607446094367 0.00600260145182677 1391 0.0708255498016943 0.943536597081796
"UT" 0 0 6.86678413343636e-07 6.86073891253714e-07 0 1391 -Inf 0
"UU" 0 0 1.7104494596442e-05 1.69154778424499e-05 0 1391 -Inf 0
"UY" 0.000105033577961817 0.00010012622339185 4.83168933836667e-05 4.60309838355141e-05 0.00189705331795501 1391 1.06351366911587 0.28754906968011
"VE" 0.034660916005629 0.01835316769687 0.0441980664328542 0.0236998391856256 0.0371560962301637 1391 -5.36681947329068 8.0137193792934e-08
"VI" 0.0112844360481984 0.0053443605984622 0.0146558175148657 0.00708704064191421 0.0131979552101159 1391 -4.9246409568371 8.45153888635492e-07
"VJ" 0.00303588076272991 0.00191602147481177 0.00553039770394389 0.00348919434114318 0.00683202440884173 1391 -8.58797166593226 8.85180915263098e-18
"VM" 0 0 2.33613000922393e-06 2.30106869065219e-06 0 1391 -Inf 0
"VP" 0.000226840052771084 0.000183261398076854 9.69784394116877e-05 7.79594225292099e-05 0.00259766882435195 1391 1.51187644819587 0.130565296555843
"VS" 0.000441808567109989 0.000346571448902397 0.000709869563601449 0.000557623630055539 0.00263221305386123 1391 -2.99042125734158 0.00278592947401895
"VX" 0.020202045437363 0.010984891344398 0.0208230476978664 0.0115789647310228 0.0259392550150052 1391 -0.854173637113662 0.393008787969843
"VY" 0.0219592771643946 0.0153921512705959 0.0198587551968912 0.0141174246589713 0.0376224665597064 1391 1.26366906083497 0.206348834430263
"WC" 0.00314136417886306 0.00204376946623686 0.00513010648975838 0.00336985914629686 0.0120288762305646 1391 -4.11160517485419 3.92917811324266e-05
"WE" 0.0011325305777412 0.000924500409933307 0.00169501808089471 0.00137480935091114 0.0100485055369524 1391 -1.67137021667021 0.0946485749682658
"WF" 0.000296588650159982 0.000248478998193905 0.000674493132751486 0.000567902351129547 0.00233352015823346 1391 -5.10526949235108 3.30323420683009e-07
"WH" 0.000709434292498469 0.000609143240847155 0.00161642648140518 0.0013872084744038 0.00704766407628916 1391 -4.11750731725281 3.82992372963533e-05
"WM" 1.52958991694327e-05 1.29083006397518e-05 6.43944115941434e-05 5.40522537113276e-05 0.000481409232169804 1391 -3.18753649849392 0.00143490347076688
"WQ" 0.00031877609692318 0.000283625473171225 0.00096141298814797 0.000850899229482772 0.00313818345106579 1391 -6.74183205211072 1.5640181174708e-11
"WU" 0.000277053658780595 0.000240953647599887 0.000196722389841976 0.000169732417290414 0.0030516317671388 1391 0.870444147077551 0.384057729673219
"WV" 0.000246001225119016 0.000209744590129359 0.000194450712806611 0.000164333694450042 0.00348170793860451 1391 0.486442257424359 0.626653635873023
"WY" 1.17609694802362e-05 1.06462369711307e-05 5.17724064310583e-05 4.65046458894608e-05 0.00028087953030748 1391 -4.76139805547742 1.92256410650422e-06
"XA" 0 0 4.87666459879009e-05 4.68727805080269e-05 0 1391 -Inf 0
"XE" 1.43781452192667e-05 1.38889327481773e-05 4.0869325305278e-06 3.95249538571499e-06 0.000518002473943895 1391 0.715422229326369 0.474348180696291
"XQ" 0.000354690480413531 0.000315485854089529 0.000405759121155471 0.000361374910467309 0.00304690400961353 1391 -0.561712282074259 0.574312064861371
"XW" 0.00451680850267837 0.00360859504069512 0.00725120303817138 0.00576508634302046 0.0197469931444608 1391 -4.07296145840175 4.64191081764353e-05
"XY" 0.000726628223796768 0.000682747026777272 0.000750064243660507 0.000705716699978686 0.00688122674339704 1391 -0.124495172940782 0.900923222083841
"YA" 0.00761913226528174 0.00610972408850999 0.0125755656300528 0.0100479592644888 0.016810079466949 1391 -8.73766611642896 2.37975610765836e-18
"YE" 0 0 5.47607331549421e-05 5.39557364513022e-05 0 1391 -Inf 0
"YG" 0 0 1.52741576526675e-07 1.49844413926491e-07 0 1391 -Inf 0
"YI" 0 0 1.31615902499636e-05 1.21048122340638e-05 0 1391 -Inf 0
"YO" 0.00202148587712785 0.00138179337155339 0.00360650144723693 0.00248075381584589 0.00701735130306634 1391 -5.84080096336587 5.19504418053823e-09
"YP" 0.000607664020265268 0.000504256801585896 0.000549054134943363 0.000452679161223564 0.00528039972679563 1391 0.364299214397082 0.715634586447021
"YQ" 2.87562904385334e-05 2.75912954457195e-05 5.00703984595024e-05 4.79070099170466e-05 0.00102896718344604 1391 -0.736366701054143 0.461507563756829
"YR" 1.23949527752299e-05 1.21972222297154e-05 1.217748704451e-05 1.19715219033284e-05 0.000454903126975307 1391 0.0185044776393467 0.985236405538389
"YU" 5.21367070803386e-05 4.48953148314867e-05 0.000149026438143898 0.000127878174868646 0.00139387136388673 1391 -2.22039002682328 0.0263923034578708
"YY" 0 0 7.94479792782313e-07 7.83032030517437e-07 0 1391 -Inf 0
"ZA" 0.000748631662608801 0.000655425040408587 0.00123144607332846 0.00107558117906338 0.0101927538031616 1391 -1.53738536950576 0.124198966982323
"ZC" 0.000536742413311039 0.00046550591951888 0.000622728627386588 0.000540687194616493 0.00675510413269428 1391 -0.415088980300126 0.678076766127774
"ZD" 0.00508859250974832 0.00385789690428199 0.00892672651319942 0.00673250211614485 0.0188637775017887 1391 -5.68346393351936 1.31993570267578e-08
"ZE" 0.000598298756311373 0.000484542730348519 0.00131270338179375 0.00106835293820945 0.00479603498895312 1391 -4.53996919989122 5.62624463190278e-06
"ZK" 0.00014664775378192 0.000127358753690591 5.12527562566652e-05 4.40340810415893e-05 0.00265820323534951 1391 1.16909283508203 0.242366230332802
"ZM" 0.00809324657340624 0.00611372587039608 0.00762836680912951 0.00583760302041102 0.0202172820318071 1391 0.509381470391585 0.610484861918859
"ZQ" 0 0 1.1604130731329e-06 1.14641147338056e-06 0 1391 -Inf 0
"ZR" 0 0 2.24732313575184e-05 2.19787855252212e-05 0 1391 -Inf 0
