"Q" "C" "Qworld" "Cworld" "sigma" "N" "score" "pvalue"
"AA" 0.000157730288148941 0.000142561515684299 0.000541798944307156 0.000490663214959235 0.00227709115245482 523 -3.4960414401972 0.000472215357806424
"AC" 0 0 2.82119782862262e-05 2.77799842296961e-05 0 523 -Inf 0
"AD" 0 0 2.33257216466817e-05 2.17200581217208e-05 0 523 -Inf 0
"AE" 0 0 1.03586102231868e-06 9.89436044873749e-07 0 523 -Inf 0
"AF" 0 0 5.84405867498986e-07 5.76572786591426e-07 0 523 -Inf 0
"AH" 0 0 2.24544750694837e-05 2.06719304214323e-05 0 523 -Inf 0
"AI" 0 0 2.46352764742975e-06 2.42338709847183e-06 0 523 -Inf 0
"AM" 0 0 3.232354135111e-06 3.08060064230364e-06 0 523 -Inf 0
"AQ" 0.000109349029605469 9.77848389627853e-05 0.000298107507279774 0.000263939046199967 0.00157910363256339 523 -2.40630988149992 0.0161145891877441
"AY" 0.00134731317866611 0.000736296187732105 0.00106012364418576 0.000616243707741894 0.00704129922301369 523 0.389914315288811 0.696599908006285
"AZ" 0 0 2.74633931872783e-05 2.24911749019958e-05 0 523 -Inf 0
"BA" 0.00571615783897247 0.00370759046628256 0.0114846257403052 0.00746080485233274 0.023405394677172 523 -3.66723083694476 0.000245191431221475
"BD" 0 0 2.60053050788412e-06 2.52365750789386e-06 0 523 -Inf 0
"BF" 0.000212449543233482 0.000190607522502624 0.00015587113756298 0.000140337488715823 0.0043572445461412 523 0.263844524970717 0.791899723856652
"BI" 0.000212449543233482 0.000208802824005663 1.01819568256881e-05 1.00245021685342e-05 0.00477324232015132 523 0.952371480748345 0.340908617770679
"BK" 0 0 2.1170492168833e-06 2.07177544763316e-06 0 523 -Inf 0
"BM" 0 0 1.43216466835786e-06 1.41165674750424e-06 0 523 -Inf 0
"BP" 0 0 6.1487240726853e-06 5.87334457723669e-06 0 523 -Inf 0
"BQ" 6.41626137282328e-06 5.50287917677202e-06 7.99825995644385e-06 6.91274739917147e-06 0.000125851593874516 523 -0.256194997976249 0.797800270812667
"BU" 0 0 1.14416364684455e-05 1.14293292904767e-05 0 523 -Inf 0
"BV" 0.0011230469234399 0.000596962432696355 0.0010931546181501 0.000619457075103851 0.00330072018978188 523 -0.155855175469135 0.876147178235436
"CN" 0.00936429886495991 0.00451799856425679 0.00816902258571579 0.00428097560301688 0.0116812749620384 523 0.464035297806643 0.642622456536128
"CO" 0.00221269186124741 0.00173987214237436 0.0015711359141938 0.00126247389472691 0.00860370060160629 523 1.26895545175123 0.204456953091149
"CQ" 0.0233146360258873 0.0164959722419823 0.0181105261189343 0.0132723878280715 0.0350573967025662 523 2.10285936378879 0.0354780649314591
"CT" 5.06595101724746e-05 3.50675131325165e-05 9.96568398123166e-05 7.05035081320806e-05 0.000498810484478991 523 -1.62465032901317 0.104237086683555
"CU" 0.00275823758126968 0.0016490630934214 0.00219520276223997 0.00138048280306171 0.00635520878561344 523 0.966485094531294 0.333801501910003
"DA" 0.00167472900996406 0.00121948825348364 0.00240068518781632 0.00180187787214754 0.00562729284451493 523 -2.36681848718779 0.0179417297631704
"DB" 0.00219951535899373 0.0017373515924525 0.00177799009562748 0.00143235830588903 0.0102551296593685 523 0.680142586459509 0.496414181560574
"DE" 4.06818274276881e-05 3.63474266958881e-05 0.000121425147059773 0.000109966110605272 0.000831064110337641 523 -2.02583638054338 0.0427815544453906
"DI" 0 0 2.41393190941796e-05 2.3889204992611e-05 0 523 -Inf 0
"DK" 0 0 5.0645101093316e-06 5.04294563629493e-06 0 523 -Inf 0
"DM" 0.032704541360749 0.0247818397068334 0.0175441965411795 0.0135299708075342 0.0748596935227381 523 3.43737934522456 0.000587372341723652
"DQ" 0.00168396594515666 0.00141541076317148 0.00753295033625412 0.00611749434372815 0.00956673306577755 523 -11.2402904263894 2.58530414115771e-29
"DR" 0.0107127141817865 0.00753829861792027 0.00885587091096486 0.00644525197408282 0.0213383681722662 523 1.17146235033669 0.24141298281851
"DS" 0.00330615370311803 0.00229099464676994 0.00634352446631275 0.00429779402917863 0.0132227572802726 523 -3.47082548077069 0.000518861100104183
"DT" 0 0 5.22660052831842e-06 5.19231249349352e-06 0 523 -Inf 0
"DW" 0 0 5.60180369546591e-05 5.15174516081778e-05 0 523 -Inf 0
"DX" 0.000452004815478063 0.00034233010412136 0.000639053278954281 0.000491457720008116 0.0034364439105168 523 -0.992429486916926 0.320988060789514
"DY" 0.000159203559857715 0.00014909017766714 0.000354251601454558 0.000332699832672435 0.0016907386101866 523 -2.48353273413236 0.0130086377801984
"EA" 7.90428230302331e-05 7.37126540485495e-05 0.000303893024080559 0.000284392007796899 0.00120971001760187 523 -3.98282793808811 6.81000601342117e-05
"EC" 0 0 3.45790461501333e-05 3.36079086745473e-05 0 523 -Inf 0
"EE" 0.000159337157425112 0.000149873180115197 0.000105946076751678 9.99416980676422e-05 0.00342639959995076 523 0.333263146634626 0.738935655548972
"EI" 0 0 5.48543636233514e-05 5.33450265676283e-05 0 523 -Inf 0
"EN" 0 0 0 0 0 523 NA NA
"EO" 0 0 1.21884272346019e-06 1.20962131095275e-06 0 523 -Inf 0
"EP" 0.000630294458201131 0.000591502505201901 0.000404497004897642 0.000381814021031931 0.00351600097046191 523 1.3638808713367 0.172605062109958
"EQ" 0.00554670366007749 0.00382659789523887 0.0101899752900275 0.00699364871759588 0.0144422128228016 523 -5.01501384754716 5.3029646330756e-07
"ER" 0.000425302703837772 0.000374586388751975 5.49198585833289e-05 4.89292780189196e-05 0.0036467918912702 523 2.04221014560479 0.0411306905274666
"ES" 0 0 1.4453384000232e-05 1.41698850140466e-05 0 523 -Inf 0
"ET" 0 0 8.96090793027364e-05 8.60419190759744e-05 0 523 -Inf 0
"EU" 0 0 0.000164665877880281 0.000155846035593657 0 523 -Inf 0
"EV" 0.000864329198796316 0.000760263887099392 0.000621928444638436 0.000551540079231641 0.0069898181438937 523 0.682899755067752 0.494670188735846
"EW" 2.65561929041853e-05 2.59107241977798e-05 4.22311973084473e-05 4.12803297892209e-05 0.000592463852641972 523 -0.593269072722639 0.553001092990818
"EX" 0 0 9.49029066997441e-05 9.16638473453532e-05 0 523 -Inf 0
"FA" 0 0 9.16242394267159e-06 9.08129057149313e-06 0 523 -Inf 0
"FE" 4.90268176692651e-05 4.42399749243819e-05 8.59643068653925e-05 7.70113567261021e-05 0.00101143212908001 523 -0.740984038387461 0.45870311836826
"FF" 0.000448524712234133 0.000346942282103754 0.00156155380010257 0.00117152037353073 0.00410943055178527 523 -4.58881966409308 4.45759300595506e-06
"FI" 0 0 1.33337429094489e-05 1.27592054026426e-05 0 523 -Inf 0
"FS" 0 0 1.80665339860411e-07 1.17100529271285e-07 0 523 -Inf 0
"FU" 0 0 2.93970779881083e-05 2.75104088266098e-05 0 523 -Inf 0
"FY" 0.000273149412728763 0.00025006862116947 0.00118639590812955 0.00108447964343842 0.00571722348123464 523 -3.33768777493993 0.000844786188806018
"GA" 0.000125490899619653 0.000106378965351128 0.00112976401024442 0.000956024208828193 0.00140618987477539 523 -13.8179783664514 1.98568427399431e-43
"GC" 0 0 5.98221142045862e-06 5.96011099089598e-06 0 523 -Inf 0
"GM" 0.00112974901397504 0.000794023722529527 0.00141483338851615 0.000994780800965133 0.0100373283055321 523 -0.457407816473646 0.647377947161699
"GU" 0.000195477540249604 0.00018494918789029 3.99164721170541e-05 3.80964775561842e-05 0.00268923028762321 523 1.24883429570007 0.211725687280997
"GY" 0.000143943567639974 0.000142023243174301 0.000141774517277263 0.000139743680860363 0.00206632447985159 523 0.0252292181580808 0.979872131649672
"HA" 5.03169970816142e-05 4.77873967707833e-05 0.00014071467190548 0.000133184408737029 0.00109263111522235 523 -1.7873925999325 0.0738740568238836
"HB" 0 0 0.00021976720761717 0.000199692182733574 0 523 -Inf 0
"HE" 0.000312393746893162 0.000241620790146781 0.000522951263869937 0.000404806501590478 0.00259194006847783 523 -1.43981939102945 0.149918503591029
"HF" 5.89637503465808e-05 5.249526729196e-05 0.000141010101434456 0.000124976257692178 0.000852138593941192 523 -1.94520209312052 0.0517506600329485
"HI" 0.000151304216917581 0.000133657559628481 0.00030064749775225 0.000265417403122758 0.00215440566085286 523 -1.39864157362952 0.161920492876577
"HL" 0.00194889448887709 0.00155516232328319 0.0041120509656285 0.0031958824121104 0.00872125502904199 523 -4.30235610115461 1.68991422105178e-05
"HQ" 0 0 7.38302757937544e-06 7.21392787999421e-06 0 523 -Inf 0
"HT" 0 0 8.83271218663663e-05 7.84439831168459e-05 0 523 -Inf 0
"HY" 0.00236985598439477 0.00169399081968451 0.00118728212057208 0.000881897865653083 0.0109772954796761 523 1.69184757199665 0.0906750404640285
"IA" 0.00515461682821749 0.00355683345042053 0.00860092816491347 0.00599767150163764 0.016019455291205 523 -3.48451280493342 0.000493033870354855
"ID" 0 0 4.65185333921754e-06 4.5831030865533e-06 0 523 -Inf 0
"IF" 0 0 1.988297042763e-05 1.93557112603455e-05 0 523 -Inf 0
"IG" 0.00234580694060212 0.00172842762194568 0.00278915399442541 0.00206860006988403 0.0127863476100932 523 -0.608419987329851 0.542908958457909
"IH" 2.65561929041853e-05 2.5960868252954e-05 1.5236968828077e-05 1.48925386163907e-05 0.000593648290267886 523 0.426386757252903 0.669826049422822
"II" 2.65561929041853e-05 2.59488804997624e-05 1.74800882559562e-05 1.70882738028609e-05 0.000593373065454305 523 0.341496671620544 0.732729710105568
"IJ" 0 0 7.03419306546887e-05 6.83681694184857e-05 0 523 -Inf 0
"IK" 0.000127469725940089 0.000125841051687406 9.52184719530452e-06 9.40125564633833e-06 0.00287728456386081 523 0.925485171449413 0.354713593518744
"IL" 0 0 3.26587345132281e-07 3.22972495373009e-07 0 523 -Inf 0
"IM" 0 0 1.26462785226695e-05 1.24519902242795e-05 0 523 -Inf 0
"IO" 0 0 1.43903716977516e-06 1.43125440952604e-06 0 523 -Inf 0
"IP" 0 0 9.9518738356526e-07 9.88339457972811e-07 0 523 -Inf 0
"IQ" 0.000316750894742147 0.000309722046470964 0.000279161969174976 0.000273324970195152 0.00338352340786031 523 0.246007392538728 0.80567650991479
"IU" 0.000127469725940089 0.000125887721289244 5.88942701540055e-05 5.81799309807646e-05 0.00287834494697161 523 0.537955863442845 0.590607519942632
"IX" 0 0 1.28520819853646e-06 1.28214307616711e-06 0 523 -Inf 0
"IY" 0 0 1.10441473408796e-05 1.00537622677989e-05 0 523 -Inf 0
"JA" 0.000133712405522522 0.000128185847785143 0.000288585245837262 0.000276784828656487 0.0017792485757427 523 -1.90998540447737 0.0561350925970523
"JB" 0 0 1.54331547429046e-05 1.51880506077121e-05 0 523 -Inf 0
"JI" 0 0 0.000170452906014221 0.00014854123109707 0 523 -Inf 0
"JM" 0 0 8.47956212470619e-06 7.58826744998523e-06 0 523 -Inf 0
"JO" 0 0 0.000264524395184507 0.00023124422363205 0 523 -Inf 0
"JS" 0 0 2.1076713842922e-06 2.00714202315213e-06 0 523 -Inf 0
"JU" 0 0 5.7737657464953e-06 5.50379361218454e-06 0 523 -Inf 0
"JW" 0 0 4.46908998602069e-07 4.33884524286265e-07 0 523 -Inf 0
"JY" 0 0 0.000145883173002369 0.000133655330465249 0 523 -Inf 0
"KA" 0 0 2.47734858705335e-06 2.42059119277735e-06 0 523 -Inf 0
"KI" 0.001659233011958 0.00136301969316195 0.0045668744612718 0.00372834184427192 0.0167604957607505 523 -3.22741105927087 0.00124915867995659
"KM" 0.0314958639814882 0.0230712959777851 0.0146482011892006 0.0111139470942413 0.0630125797717852 523 4.33968777965338 1.4268529621328e-05
"KU" 0 0 5.34755673294757e-06 5.279316801163e-06 0 523 -Inf 0
"KV" 0 0 3.69185694497361e-07 3.64714867862403e-07 0 523 -Inf 0
"KY" 0 0 6.43798436495631e-07 6.41599255266758e-07 0 523 -Inf 0
"LE" 0 0 1.18629911354862e-05 1.17776391301918e-05 0 523 -Inf 0
"LI" 0.00320392506029244 0.00162910435389003 0.0067463070819868 0.00350063853816338 0.00917154124570238 523 -4.66666133764994 3.06133283425489e-06
"LJ" 0.00104471864815499 0.000733107025471065 0.00351225220580222 0.00243589851717751 0.00520914163415506 523 -7.4756016301162 7.68514381520328e-14
"LQ" 0.00106170137085599 0.000878778012165999 0.00151712707137251 0.00122110463297877 0.00654465383064249 523 -1.19620286256193 0.231617404063366
"MA" 0.00347998568034405 0.00265644235600554 0.00727344285669337 0.00549555865697917 0.0126936155100535 523 -5.11503592499799 3.13681249192863e-07
"MC" 0.000464261421748868 0.000336968552424258 0.000235967572313731 0.000177136090149106 0.00309796525280706 523 1.17988394621625 0.238046375705842
"ML" 0 0 3.93342680655631e-05 2.89332404975737e-05 0 523 -Inf 0
"MM" 0 0 1.4306982769641e-05 1.41467616531309e-05 0 523 -Inf 0
"MQ" 0.00021694318430555 0.000185168984132856 9.31734692973427e-05 7.99290996693075e-05 0.00291162138293329 523 0.826601724293064 0.408462839727907
"MR" 0.000402535976652913 0.000389297208011973 2.6300862501803e-05 2.54277648277705e-05 0.00889893786659482 523 0.935100428775401 0.349736545620753
"MU" 0 0 3.35544075384547e-06 3.16294951783636e-06 0 523 -Inf 0
"MW" 0 0 7.0819172258489e-06 6.61211186271855e-06 0 523 -Inf 0
"MY" 0.00227224504567471 0.00167564901279409 0.00341452757115404 0.00252673321105864 0.01191642489311 523 -1.63334298486948 0.102396881065702
"NE" 0.00577080502199428 0.00463856976813785 0.00837921463650146 0.00657515985969941 0.0193446549414429 523 -2.28943101792229 0.0220543216494572
"NI" 0.00356605213709599 0.00289096358767653 0.00634007048959633 0.00512419533121828 0.0149026573231331 523 -3.42705379398409 0.000610168181443999
"NM" 0 0 7.20927576421401e-06 7.03946659176122e-06 0 523 -Inf 0
"NN" 0.00237225736940472 0.00206633992852962 0.00228502867899796 0.00196504583822412 0.0195628794129499 523 0.118413760959675 0.905739822821363
"NQ" 5.93693462829936e-05 5.48082017648151e-05 0.000312375389882808 0.000287357961883491 0.00106752623205266 523 -4.98182175312721 6.29884432333078e-07
"NS" 0 0 4.38645681777084e-05 4.25228018939641e-05 0 523 -Inf 0
"NU" 0 0 7.98698400886083e-05 7.75203525646678e-05 0 523 -Inf 0
"OA" 0 0 4.15428751387398e-05 4.00353264339768e-05 0 523 -Inf 0
"OE" 0 0 1.85523250966524e-06 1.83703322412203e-06 0 523 -Inf 0
"OI" 7.64818355640535e-05 5.21786705239308e-05 0.00050229419983677 0.000344758452462871 0.00119311857401122 523 -5.60804577227529 2.04623917054782e-08
"OM" 0 0 0.000138284857264306 0.000131965497643681 0 523 -Inf 0
"OO" 5.89637503465808e-05 4.66822000994991e-05 0.000131373861419201 0.000102682783748908 0.000757771114722718 523 -1.6900725625772 0.0910140732869578
"OP" 0.000230933143050099 0.000181331258287124 0.000294900500993688 0.000232096852849482 0.0025170240688092 523 -0.461246361124977 0.644621863322191
"OR" 0 0 2.44767671110642e-06 2.40039067482488e-06 0 523 -Inf 0
"OT" 0.00138565180287165 0.00111557269805613 0.00105236362938865 0.000862507584132433 0.00775720522041794 523 0.746067021720924 0.455626929597636
"OU" 0 0 3.84719805753667e-06 3.7768612455021e-06 0 523 -Inf 0
"OX" 0 0 7.55489021446354e-07 7.12975821974205e-07 0 523 -Inf 0
"OY" 5.46298825457525e-05 5.15309060852467e-05 2.01528883913272e-05 1.90879629264914e-05 0.00117814396984834 523 0.629756596605623 0.528853846994513
"OZ" 0 0 6.49148982451831e-06 5.5894998737563e-06 0 523 -Inf 0
"PA" 0 0 4.59996895611782e-06 4.45560971056978e-06 0 523 -Inf 0
"PC" 2.48317647935239e-05 2.45974127736396e-05 3.73394596080556e-05 3.69439164322567e-05 0.000562448980313615 523 -0.50200922757247 0.615661030084606
"PD" 0 0 6.05228888532376e-07 6.02896394846245e-07 0 523 -Inf 0
"PE" 0 0 1.37865143651578e-05 1.36080870084014e-05 0 523 -Inf 0
"PF" 0 0 1.0483050584493e-07 1.04681662321909e-07 0 523 -Inf 0
"PG" 0 0 0 0 0 523 NA NA
"PH" 0 0 2.57311241619373e-07 2.55297190580512e-07 0 523 -Inf 0
"PI" 0.000316001800353214 0.000300596150180082 2.90657590932213e-05 2.77972546978559e-05 0.00414349735660164 523 1.50565817299035 0.132154946570038
"PJ" 0 0 4.60875541839812e-06 4.44271409823139e-06 0 523 -Inf 0
"PK" 0 0 5.19703581464068e-06 5.14842862264042e-06 0 523 -Inf 0
"PM" 0 0 8.46649047010796e-05 8.31001965500973e-05 0 523 -Inf 0
"PN" 0.000190866378493591 0.000188279540455814 9.35526070188284e-05 9.24279266227401e-05 0.0020161698714779 523 1.08723432052054 0.276933266722449
"PO" 0.0008775963660963 0.000845012024248044 0.00029723341637564 0.000286880506965832 0.00747801555528063 523 1.70687228910325 0.0878457924156823
"PQ" 0 0 1.51711816866855e-05 1.51311502643583e-05 0 523 -Inf 0
"PS" 9.67283861143081e-05 9.41706502187582e-05 0.000100592989269614 9.79103883775472e-05 0.00172955790009843 523 -0.0494489341239025 0.960561532040122
"PT" 0.000177069531627419 0.000141261029269547 0.000718906630548478 0.000566652184421137 0.00154384218440872 523 -6.30139053921758 2.94987073353172e-10
"PU" 0 0 2.87199933829679e-05 2.839266828892e-05 0 523 -Inf 0
"PW" 0.00135621923553351 0.000901155263412529 0.00126106694267299 0.000834667162160867 0.00600893202304788 523 0.253044839025396 0.800233563903624
"PY" 0.0205511052994954 0.0129786327654206 0.0334712708968167 0.0202910328665664 0.0285879523181285 523 -5.84962116868478 4.92693857963429e-09
"PZ" 0 0 1.41553941521801e-05 1.4072051412972e-05 0 523 -Inf 0
"QA" 0.00778088056567892 0.00471225398479068 0.00843284478495015 0.00520217819691106 0.0121038473927796 523 -0.925670253619287 0.354617371185587
"QC" 0 0 2.193725937207e-06 2.14946721403658e-06 0 523 -Inf 0
"QD" 0 0 0 0 0 523 NA NA
"QE" 0.000177291497165527 0.000152729491924112 0.000325755830225283 0.000281567114475298 0.00214319759238426 523 -1.37477407530168 0.169201497781002
"QF" 0 0 4.90746860107666e-06 4.84023095374721e-06 0 523 -Inf 0
"QG" 0 0 4.70244643078377e-06 4.65967307086674e-06 0 523 -Inf 0
"QH" 0 0 2.45310500545039e-06 2.43270300273856e-06 0 523 -Inf 0
"QJ" 0 0 1.64361652124952e-06 1.58541528854356e-06 0 523 -Inf 0
"QK" 0 0 2.71877272458994e-07 2.67799529278946e-07 0 523 -Inf 0
"QQ" 0 0 2.28393517922331e-05 2.26871253444174e-05 0 523 -Inf 0
"QU" 0.000765158484219604 0.000661667422736392 0.00131314589235962 0.00113997158918171 0.00913391020900819 523 -1.1975627267405 0.231087294041375
"RA" 5.47167345052847e-05 4.14521708540018e-05 0.00018834832912618 0.000146135019771049 0.000714123328135106 523 -3.35237935485434 0.000801201525928692
"RB" 0 0 1.53225872912491e-05 1.43439735842203e-05 0 523 -Inf 0
"RE" 0 0 7.03670397687684e-07 6.99849617717324e-07 0 523 -Inf 0
"RO" 0.000263585999723667 0.000157060142316196 0.000232075641757778 0.000145108646158049 0.00195117738078047 523 0.140080075745126 0.888596722617869
"RP" 0 0 1.91182161631914e-05 1.54974827851359e-05 0 523 -Inf 0
"RQ" 0 0 3.27507208130208e-05 2.83453236145204e-05 0 523 -Inf 0
"RT" 0.300885045141767 0.112552644710936 0.283769150666139 0.113769494697525 0.0437188986657245 523 -0.636529701144473 0.524431228530213
"RU" 0.192978407850201 0.0787579514304088 0.140011801266225 0.0639016869668162 0.0442186438552869 523 7.68342837771056 1.54886575139674e-14
"RX" 0.0180199285890357 0.00809996719173018 0.0163987840356711 0.00805222128542016 0.0164336661664665 523 0.0664435036794492 0.947024735775648
"RY" 2.45134088346325e-05 2.33239230049067e-05 6.32577847010866e-05 6.0289320017759e-05 0.000533376071955854 523 -1.58493950586512 0.112980079479887
"RZ" 0.000673955748386751 0.000535235585945945 0.0012064178884896 0.000936789773140855 0.00731851091688265 523 -1.25479355191634 0.209553713970876
"SA" 0.0013450239041767 0.00105274340213664 0.00175293584307515 0.0013640720067901 0.0117600177417832 523 -0.605427149945278 0.544895215924521
"SD" 0.00126418572378836 0.00106743700120808 0.0020937469036838 0.00176000514128249 0.00996913620590865 523 -1.58875095178188 0.112116630700865
"SI" 0 0 8.10134906467045e-07 7.99576749060915e-07 0 523 -Inf 0
"SR" 0 0 1.69825419468786e-07 1.68289363720149e-07 0 523 -Inf 0
"SU" 0.00108810551352842 0.000926357978409985 0.00438627067989154 0.00375556988285612 0.00744379790171578 523 -8.69204062873464 3.55986721692432e-18
"SY" 0 0 0.000124194375106732 0.000121099006656049 0 523 -Inf 0
"TA" 0 0 7.83809628317474e-07 7.53117754650931e-07 0 523 -Inf 0
"TC" 0.0191477769973873 0.0146619627187418 0.0242285390029068 0.0183337666310716 0.0585309119594952 523 -1.43464693174171 0.151387733680453
"TD" 0.0105959392917865 0.00765509994304382 0.00861216188072799 0.00630467917977533 0.0451382864112219 523 0.684187102838307 0.493857025240986
"TE" 0 0 4.70504858975678e-06 4.66147880146741e-06 0 523 -Inf 0
"TI" 0.000318674314850223 0.000270914914723658 0.000168226527966719 0.000143712817556662 0.00619109679279023 523 0.469869788753232 0.638448049921526
"TM" 0.0146316068946083 0.00903802001138954 0.00928383465314144 0.00591128941379309 0.0266712163625382 523 2.6810103188242 0.00734002525397567
"TQ" 0.0162835776462972 0.0107619689879831 0.021388173886351 0.0138843953754024 0.0343167031375734 523 -2.08083428594386 0.0374490767330596
"TU" 0.0133559584256789 0.00768636991617706 0.020083765400208 0.0118294680485289 0.0214880475032645 523 -4.40939605315945 1.03659298662494e-05
"UA" 2.5325111113925e-05 2.31406354540282e-05 1.92554707844419e-05 1.77226512366763e-05 0.000529159974609263 523 0.234154006441469 0.814865420012204
"UB" 0 0 5.98877873879917e-05 5.88706524306966e-05 0 523 -Inf 0
"UE" 9.20698197385668e-05 8.55926410229155e-05 0.000146802191862457 0.000137115901365117 0.00158994459862211 523 -0.741092110230177 0.45863759307992
"UF" 0.000217685639632717 0.000213063757327902 5.07107879494212e-05 4.97353411624668e-05 0.00225809817396842 523 1.65413052271137 0.0981009956021603
"UH" 0 0 3.38608017371834e-05 3.30637172295321e-05 0 523 -Inf 0
"UI" 0.00014188092911277 0.000139485954845951 9.05420514191654e-05 8.91322376924736e-05 0.00163287509268855 523 0.705227787292859 0.480668491383741
"UK" 0 0 3.2322525719184e-05 3.19146210286671e-05 0 523 -Inf 0
"UM" 0.0125798320359349 0.00696001438951757 0.00816803897700173 0.00472051667245537 0.0238955762387011 523 2.14330491834263 0.0320886221639254
"UN" 0 0 2.83451599862242e-06 2.82167301001216e-06 0 523 -Inf 0
"UP" 0 0 1.0091652673909e-05 1.00725979876327e-05 0 523 -Inf 0
"UQ" 0 0 1.17888353305761e-05 1.16060560760197e-05 0 523 -Inf 0
"UR" 0.000395184590507972 0.000385360174336897 9.63528170869228e-05 9.42180373386018e-05 0.00317410344968291 523 2.09765872485866 0.0359353034755463
"UT" 0 0 1.01916300769402e-06 1.01808747699753e-06 0 523 -Inf 0
"UU" 0 0 1.70741193294402e-05 1.6892410344573e-05 0 523 -Inf 0
"UY" 0 0 3.00984386166432e-05 2.91609544230919e-05 0 523 -Inf 0
"VE" 0.0469205870294548 0.0246861796106288 0.0575780916363029 0.0310496955790157 0.0536736897773036 523 -2.711355918466 0.0067008656027047
"VI" 0.00637286122678622 0.00322904580207723 0.00949730111935696 0.00506194259758786 0.0102604525254589 523 -4.08528482770174 4.40227803836499e-05
"VJ" 0.0020917529758394 0.00136011230032311 0.00267885859583767 0.00176425675908984 0.00687411499371566 523 -1.34453056687797 0.178776878871333
"VM" 0 0 4.6647896602301e-06 4.58625302003105e-06 0 523 -Inf 0
"VP" 0.000150886482274225 0.000119567648254661 0.000245568345811887 0.000193445479048307 0.00193847634976288 523 -0.871574414446403 0.383440593597167
"VS" 4.70648565272604e-05 3.85398764050191e-05 0.000182386848648427 0.000151780457387435 0.000623182809033981 523 -4.15563570259051 3.24384339677517e-05
"VX" 0.0104558330624042 0.00632698700793114 0.0053046456735978 0.00339025389380573 0.0209672028362253 523 3.20313194092915 0.00135941683793303
"VY" 0.0292556981503833 0.0198030823710456 0.0272176023965868 0.0188167724170664 0.0434298954893977 523 0.519368345002936 0.603503901449872
"WC" 0.0048829000425518 0.00294421775843063 0.0100750829690038 0.00612453787085011 0.0129158351392782 523 -5.63117711476102 1.78983803283084e-08
"WE" 0.00144411099788764 0.00114160669252841 0.00413510742164958 0.0031947273133571 0.00845123577996262 523 -5.55578065385904 2.76373756404883e-08
"WF" 0.000340553757405505 0.000295454319534281 0.000334654838865613 0.000291766533914409 0.00316011499441181 523 0.0266878522339071 0.978708702195735
"WH" 0.00280239368209981 0.00237413209794979 0.00408634512838097 0.00343734198444747 0.0230808608141193 523 -1.05345951165481 0.292130441375521
"WM" 3.24075574423956e-05 2.66107959825635e-05 0.000184095505838109 0.000148982530058633 0.000608515094998939 523 -4.59897027727805 4.2458434732105e-06
"WQ" 0.000167945039553615 0.000150337228195225 0.000668863915058145 0.000597528096725048 0.0018098661004769 523 -5.65063591735855 1.59855351206543e-08
"WU" 8.15617549110232e-05 6.98492205723068e-05 0.000312667456551895 0.000264076948673123 0.00120645774053673 523 -3.68171324995581 0.00023167189460397
"WV" 0.0003981917961259 0.000329269645565023 0.000602578392289793 0.000488255843860449 0.0047940322295246 523 -0.758419201030019 0.448200066704571
"WY" 0 0 0.000151274134250635 0.00013252846828016 0 523 -Inf 0
"XA" 2.48317647935239e-05 2.38853889454776e-05 8.88831002241855e-05 8.50803573159241e-05 0.000546126132020422 523 -2.56255739409485 0.0103904412578925
"XE" 0 0 7.65471038478306e-06 7.50098148187299e-06 0 523 -Inf 0
"XQ" 0.000185015748412256 0.000169538675743057 0.000267649960822825 0.000246600639753427 0.00242588382809944 523 -0.726475409466342 0.467547377076031
"XW" 0.00532225081139558 0.00413369358503555 0.00668184330544966 0.0051593532072016 0.0220621860162779 523 -1.06317697135009 0.287701703650299
"XY" 0.000807733578234507 0.000767074147489122 0.000636648731085361 0.000606007966447128 0.00717380020122116 523 0.513459187223166 0.607630152691647
"YA" 0.0586963194643448 0.0407158848752098 0.0595108383932021 0.0405035578904253 0.0644708710204619 523 0.0753169108902308 0.93996256675336
"YE" 9.10498042429209e-05 9.02835883768941e-05 9.66221596269663e-06 9.58530212109976e-06 0.00206451249663777 523 0.893917913550662 0.371365812496991
"YG" 0 0 2.70176803700341e-07 2.65767927246979e-07 0 523 -Inf 0
"YI" 0 0 2.03439462612828e-05 1.86655114612709e-05 0 523 -Inf 0
"YO" 0.000527320812368446 0.000388256847579787 0.00180405207500331 0.00134775736238395 0.0032342959122389 523 -6.7844759087972 1.16508674276435e-11
"YP" 0.00046455631118847 0.000366313288837741 0.000719330391775684 0.000556999452502372 0.00338975161706436 523 -1.28647736470932 0.198276513527225
"YQ" 0 0 9.33838081436083e-05 8.85457664319451e-05 0 523 -Inf 0
"YR" 0 0 6.97180948568702e-06 6.88752145188039e-06 0 523 -Inf 0
"YU" 0.000159337157425112 0.000138196484310296 0.000350458428338863 0.000300871609975169 0.00315785988440843 523 -1.17809181607493 0.238760004336576
"YY" 0 0 2.18294961837594e-06 2.15478698845104e-06 0 523 -Inf 0
"ZA" 0.00144203170495432 0.00125072887940629 0.00202157281213527 0.00174133738672529 0.0228738319893968 523 -0.490509013539281 0.623773753191461
"ZC" 9.95069994986863e-05 8.81635308208306e-05 0.000359265322051761 0.000318987034943198 0.00144321432104345 523 -3.65763230444886 0.000254555868958336
"ZD" 0.00581519741696889 0.00428026856527084 0.0235350231732077 0.016761164308121 0.0226158151783094 523 -12.6207264452614 1.62317002830584e-36
"ZE" 0.000934432090235712 0.000790723688540119 0.000921341310630331 0.000783943156953516 0.0110722231653781 523 0.014004891780956 0.988826078343355
"ZK" 0 0 0.000110818851569491 9.15504546281443e-05 0 523 -Inf 0
"ZM" 0.00164583817107655 0.00134352259036146 0.000787841692005923 0.000658491703628139 0.0113455063073179 523 1.38082015099041 0.167334266027772
"ZQ" 0 0 5.56954332666449e-07 5.52711466453188e-07 0 523 -Inf 0
"ZR" 0 0 1.12752016697691e-05 1.11110012227572e-05 0 523 -Inf 0
