"Q" "C" "Qworld" "Cworld" "sigma" "N" "score" "pvalue"
"AA" 0 0 0.000541798944307156 0.000490663214959235 0 111 -Inf 0
"AC" 0 0 2.82119782862262e-05 2.77799842296961e-05 0 111 -Inf 0
"AD" 0 0 2.33257216466817e-05 2.17200581217208e-05 0 111 -Inf 0
"AE" 0 0 1.03586102231868e-06 9.89436044873749e-07 0 111 -Inf 0
"AF" 0 0 5.84405867498986e-07 5.76572786591426e-07 0 111 -Inf 0
"AH" 0 0 2.24544750694837e-05 2.06719304214323e-05 0 111 -Inf 0
"AI" 0 0 2.46352764742975e-06 2.42338709847183e-06 0 111 -Inf 0
"AM" 0 0 3.232354135111e-06 3.08060064230364e-06 0 111 -Inf 0
"AQ" 0.000147688672278836 0.000129865475090869 0.000298107507279774 0.000263939046199967 0.00136371231632282 111 -1.03581430313896 0.300288783451947
"AY" 0.00257073982564179 0.00143996467496827 0.00106012364418576 0.000616243707741894 0.00683816141248589 111 1.26911875519872 0.204398711997956
"AZ" 0 0 2.74633931872783e-05 2.24911749019958e-05 0 111 -Inf 0
"BA" 0.0100742860093459 0.00648537461347821 0.0114846257403052 0.00746080485233274 0.0239310309376694 111 -0.429433871169221 0.667607508809097
"BD" 0 0 2.60053050788412e-06 2.52365750789386e-06 0 111 -Inf 0
"BF" 0.000819000819000819 0.000736098605339856 0.00015587113756298 0.000140337488715823 0.00774580723933793 111 0.810339406884108 0.41774513259493
"BI" 0 0 1.01819568256881e-05 1.00245021685342e-05 0 111 -Inf 0
"BK" 0 0 2.1170492168833e-06 2.07177544763316e-06 0 111 -Inf 0
"BM" 0 0 1.43216466835786e-06 1.41165674750424e-06 0 111 -Inf 0
"BP" 0 0 6.1487240726853e-06 5.87334457723669e-06 0 111 -Inf 0
"BQ" 0 0 7.99825995644385e-06 6.91274739917147e-06 0 111 -Inf 0
"BU" 0 0 1.14416364684455e-05 1.14293292904767e-05 0 111 -Inf 0
"BV" 0.000356232063549137 0.000201234694020759 0.0010931546181501 0.000619457075103851 0.00152277113696548 111 -2.893570866838 0.00380888328582598
"CN" 0.0040209036815075 0.00207688149836127 0.00816902258571579 0.00428097560301688 0.0105590818817882 111 -2.19920373620806 0.0278634388003346
"CO" 0.00343724521772099 0.00270891632120003 0.0015711359141938 0.00126247389472691 0.0126907494259783 111 1.20081297543878 0.229823757453441
"CQ" 0.017162087187297 0.012227476889105 0.0181105261189343 0.0132723878280715 0.0334327069692497 111 -0.329282934392513 0.741941841925937
"CT" 0 0 9.96568398123166e-05 7.05035081320806e-05 0 111 -Inf 0
"CU" 0.00479949582978738 0.00291196186368304 0.00219520276223997 0.00138048280306171 0.0131563762011466 111 1.22641165513679 0.220043802215292
"DA" 0.00187288979858639 0.00137005610161019 0.00240068518781632 0.00180187787214754 0.0068610066750696 111 -0.663098707345187 0.507267338497381
"DB" 0.00225759107767954 0.00178330125551358 0.00177799009562748 0.00143235830588903 0.00813285294173481 111 0.454626861045941 0.649377706881397
"DE" 0 0 0.000121425147059773 0.000109966110605272 0 111 -Inf 0
"DI" 0 0 2.41393190941796e-05 2.3889204992611e-05 0 111 -Inf 0
"DK" 0 0 5.0645101093316e-06 5.04294563629493e-06 0 111 -Inf 0
"DM" 0.0104617116516678 0.00801960756143257 0.0175441965411795 0.0135299708075342 0.0394731138554986 111 -1.47075499100219 0.141357388593835
"DQ" 0.0035076776818734 0.00288148193030903 0.00753295033625412 0.00611749434372815 0.0134222317061244 111 -2.54007731904679 0.0110827964873845
"DR" 0.0120866066368491 0.00855146314984901 0.00885587091096486 0.00644525197408282 0.0311335360642633 111 0.712746269246705 0.476002779505077
"DS" 0.0104726469320088 0.00705731399503197 0.00634352446631275 0.00429779402917863 0.0358461637310418 111 0.811058809596913 0.417331898842198
"DT" 0 0 5.22660052831842e-06 5.19231249349352e-06 0 111 -Inf 0
"DW" 0 0 5.60180369546591e-05 5.15174516081778e-05 0 111 -Inf 0
"DX" 0 0 0.000639053278954281 0.000491457720008116 0 111 -Inf 0
"DY" 0.00040950040950041 0.000382507228206156 0.000354251601454558 0.000332699832672435 0.00401817473145677 111 0.13059498621764 0.896095709176869
"EA" 0.000962000962000962 0.000894584982743357 0.000303893024080559 0.000284392007796899 0.00809881132749577 111 0.79379326749261 0.427315792695016
"EC" 0 0 3.45790461501333e-05 3.36079086745473e-05 0 111 -Inf 0
"EE" 0 0 0.000105946076751678 9.99416980676422e-05 0 111 -Inf 0
"EI" 0.00040950040950041 0.000396412621561204 5.48543636233514e-05 5.33450265676283e-05 0.00416332430100129 111 0.868162346566886 0.38530546398473
"EN" 0 0 0 0 0 111 NA NA
"EO" 0 0 1.21884272346019e-06 1.20962131095275e-06 0 111 -Inf 0
"EP" 0 0 0.000404497004897642 0.000381814021031931 0 111 -Inf 0
"EQ" 0.000785232492549566 0.00055986079379922 0.0101899752900275 0.00699364871759588 0.00371332669926617 111 -18.25429523823 1.91262943173381e-74
"ER" 0 0 5.49198585833289e-05 4.89292780189196e-05 0 111 -Inf 0
"ES" 0 0 1.4453384000232e-05 1.41698850140466e-05 0 111 -Inf 0
"ET" 0 0 8.96090793027364e-05 8.60419190759744e-05 0 111 -Inf 0
"EU" 0 0 0.000164665877880281 0.000155846035593657 0 111 -Inf 0
"EV" 0.000990912124379596 0.000875094970553134 0.000621928444638436 0.000551540079231641 0.00487055157444604 111 0.699892456306216 0.483994468856858
"EW" 0 0 4.22311973084473e-05 4.12803297892209e-05 0 111 -Inf 0
"EX" 0 0 9.49029066997441e-05 9.16638473453532e-05 0 111 -Inf 0
"FA" 0 0 9.16242394267159e-06 9.08129057149313e-06 0 111 -Inf 0
"FE" 0 0 8.59643068653925e-05 7.70113567261021e-05 0 111 -Inf 0
"FF" 0.00104866771533438 0.000792007021809273 0.00156155380010257 0.00117152037353073 0.00504787502146941 111 -0.792099893780249 0.428302432033349
"FI" 0 0 1.33337429094489e-05 1.27592054026426e-05 0 111 -Inf 0
"FS" 0 0 1.80665339860411e-07 1.17100529271285e-07 0 111 -Inf 0
"FU" 0 0 2.93970779881083e-05 2.75104088266098e-05 0 111 -Inf 0
"FY" 0 0 0.00118639590812955 0.00108447964343842 0 111 -Inf 0
"GA" 0.000693000693000693 0.000583754280498529 0.00112976401024442 0.000956024208828193 0.0043242410685407 111 -0.907004721826076 0.364404300260834
"GC" 0 0 5.98221142045862e-06 5.96011099089598e-06 0 111 -Inf 0
"GM" 0.000563063063063063 0.000406227006772844 0.00141483338851615 0.000994780800965133 0.00427554310778379 111 -1.45029504655184 0.146976259802051
"GU" 0 0 3.99164721170541e-05 3.80964775561842e-05 0 111 -Inf 0
"GY" 0 0 0.000141774517277263 0.000139743680860363 0 111 -Inf 0
"HA" 0 0 0.00014071467190548 0.000133184408737029 0 111 -Inf 0
"HB" 0 0 0.00021976720761717 0.000199692182733574 0 111 -Inf 0
"HE" 0.000281531531531532 0.000220738525309562 0.000522951263869937 0.000404806501590478 0.00232186508007493 111 -0.835223580269984 0.403591835403312
"HF" 0 0 0.000141010101434456 0.000124976257692178 0 111 -Inf 0
"HI" 0 0 0.00030064749775225 0.000265417403122758 0 111 -Inf 0
"HL" 0.000629268686379549 0.000496703155354653 0.0041120509656285 0.0031958824121104 0.00345507559055737 111 -8.23067898826302 1.86155220403316e-16
"HQ" 0 0 7.38302757937544e-06 7.21392787999421e-06 0 111 -Inf 0
"HT" 0.000819000819000819 0.000715597651778333 8.83271218663663e-05 7.84439831168459e-05 0.00752647795723874 111 0.891895316576473 0.372449045204164
"HY" 0.00200575371451089 0.00145129670264388 0.00118728212057208 0.000881897865653083 0.00781571307280015 111 0.767554916350434 0.442751655409873
"IA" 0.00198002345341068 0.00136821037037335 0.00860092816491347 0.00599767150163764 0.00740809683271905 111 -6.58393115568772 4.58169338137262e-11
"ID" 0 0 4.65185333921754e-06 4.5831030865533e-06 0 111 -Inf 0
"IF" 0.000169981302056774 0.000165127575657537 1.988297042763e-05 1.93557112603455e-05 0.00173833143847196 111 0.883491983293257 0.376970512038538
"IG" 0.00262441375788123 0.00193279193629796 0.00278915399442541 0.00206860006988403 0.0109715183924608 111 -0.130412894651597 0.8962397652582
"IH" 0 0 1.5236968828077e-05 1.48925386163907e-05 0 111 -Inf 0
"II" 0 0 1.74800882559562e-05 1.70882738028609e-05 0 111 -Inf 0
"IJ" 0 0 7.03419306546887e-05 6.83681694184857e-05 0 111 -Inf 0
"IK" 0 0 9.52184719530452e-06 9.40125564633833e-06 0 111 -Inf 0
"IL" 0 0 3.26587345132281e-07 3.22972495373009e-07 0 111 -Inf 0
"IM" 0 0 1.26462785226695e-05 1.24519902242795e-05 0 111 -Inf 0
"IO" 0 0 1.43903716977516e-06 1.43125440952604e-06 0 111 -Inf 0
"IP" 0 0 9.9518738356526e-07 9.88339457972811e-07 0 111 -Inf 0
"IQ" 0.000346500346500347 0.000338776118646722 0.000279161969174976 0.000273324970195152 0.0035664025578526 111 0.193351879555489 0.846683398795586
"IU" 0 0 5.88942701540055e-05 5.81799309807646e-05 0 111 -Inf 0
"IX" 0 0 1.28520819853646e-06 1.28214307616711e-06 0 111 -Inf 0
"IY" 0 0 1.10441473408796e-05 1.00537622677989e-05 0 111 -Inf 0
"JA" 0 0 0.000288585245837262 0.000276784828656487 0 111 -Inf 0
"JB" 0 0 1.54331547429046e-05 1.51880506077121e-05 0 111 -Inf 0
"JI" 0 0 0.000170452906014221 0.00014854123109707 0 111 -Inf 0
"JM" 0 0 8.47956212470619e-06 7.58826744998523e-06 0 111 -Inf 0
"JO" 0 0 0.000264524395184507 0.00023124422363205 0 111 -Inf 0
"JS" 0 0 2.1076713842922e-06 2.00714202315213e-06 0 111 -Inf 0
"JU" 0 0 5.7737657464953e-06 5.50379361218454e-06 0 111 -Inf 0
"JW" 0 0 4.46908998602069e-07 4.33884524286265e-07 0 111 -Inf 0
"JY" 0 0 0.000145883173002369 0.000133655330465249 0 111 -Inf 0
"KA" 0 0 2.47734858705335e-06 2.42059119277735e-06 0 111 -Inf 0
"KI" 0.0311202427543837 0.0246734686168164 0.0045668744612718 0.00372834184427192 0.0816713716344927 111 2.70193335888506 0.00689375780535086
"KM" 0.0261750008949866 0.0193472051420182 0.0146482011892006 0.0111139470942413 0.0553154255519602 111 1.56814767641595 0.11684667217137
"KU" 0 0 5.34755673294757e-06 5.279316801163e-06 0 111 -Inf 0
"KV" 0 0 3.69185694497361e-07 3.64714867862403e-07 0 111 -Inf 0
"KY" 0 0 6.43798436495631e-07 6.41599255266758e-07 0 111 -Inf 0
"LE" 0 0 1.18629911354862e-05 1.17776391301918e-05 0 111 -Inf 0
"LI" 0.00846987877540298 0.00436117485728552 0.0067463070819868 0.00350063853816338 0.0184762363339534 111 0.490701273579419 0.623637745590425
"LJ" 0.00353239970079325 0.00248810785420916 0.00351225220580222 0.00243589851717751 0.0110360387442408 111 0.0498421136767454 0.960248206508595
"LQ" 0 0 0.00151712707137251 0.00122110463297877 0 111 -Inf 0
"MA" 0.0035012070255191 0.00264376493113793 0.00727344285669337 0.00549555865697917 0.0100334789078657 111 -2.99452578172731 0.00274871824757707
"MC" 0 0 0.000235967572313731 0.000177136090149106 0 111 -Inf 0
"ML" 0 0 3.93342680655631e-05 2.89332404975737e-05 0 111 -Inf 0
"MM" 0 0 1.4306982769641e-05 1.41467616531309e-05 0 111 -Inf 0
"MQ" 0 0 9.31734692973427e-05 7.99290996693075e-05 0 111 -Inf 0
"MR" 0 0 2.6300862501803e-05 2.54277648277705e-05 0 111 -Inf 0
"MU" 0 0 3.35544075384547e-06 3.16294951783636e-06 0 111 -Inf 0
"MW" 0 0 7.0819172258489e-06 6.61211186271855e-06 0 111 -Inf 0
"MY" 0.000844594594594595 0.000641246221088743 0.00341452757115404 0.00252673321105864 0.00674016797307156 111 -2.94723190300238 0.00320632647707952
"NE" 0.00881830254867083 0.00703145797802537 0.00837921463650146 0.00657515985969941 0.0297397364381054 111 0.161649011004713 0.871582259628833
"NI" 0.0124252107381624 0.00988538758658843 0.00634007048959633 0.00512419533121828 0.0407899266280467 111 1.22977110282059 0.218782832236275
"NM" 0 0 7.20927576421401e-06 7.03946659176122e-06 0 111 -Inf 0
"NN" 0.00267300267300267 0.00228341070814151 0.00228502867899796 0.00196504583822412 0.0168654206277049 111 0.198879239988342 0.842357209212099
"NQ" 0 0 0.000312375389882808 0.000287357961883491 0 111 -Inf 0
"NS" 0 0 4.38645681777084e-05 4.25228018939641e-05 0 111 -Inf 0
"NU" 0 0 7.98698400886083e-05 7.75203525646678e-05 0 111 -Inf 0
"OA" 0.000579481711557183 0.000555986796382506 4.15428751387398e-05 4.00353264339768e-05 0.00444947562072973 111 1.22169138658223 0.221824354773761
"OE" 0 0 1.85523250966524e-06 1.83703322412203e-06 0 111 -Inf 0
"OI" 0.000125125125125125 8.54551160074411e-05 0.00050229419983677 0.000344758452462871 0.00090009104658477 111 -3.03517091989715 0.00240399408228721
"OM" 0 0 0.000138284857264306 0.000131965497643681 0 111 -Inf 0
"OO" 0 0 0.000131373861419201 0.000102682783748908 0 111 -Inf 0
"OP" 0 0 0.000294900500993688 0.000232096852849482 0 111 -Inf 0
"OR" 0 0 2.44767671110642e-06 2.40039067482488e-06 0 111 -Inf 0
"OT" 0.00040950040950041 0.000336366790631764 0.00105236362938865 0.000862507584132433 0.00353701455847703 111 -1.56720791897477 0.1170661000622
"OU" 0 0 3.84719805753667e-06 3.7768612455021e-06 0 111 -Inf 0
"OX" 0 0 7.55489021446354e-07 7.12975821974205e-07 0 111 -Inf 0
"OY" 0 0 2.01528883913272e-05 1.90879629264914e-05 0 111 -Inf 0
"OZ" 0 0 6.49148982451831e-06 5.5894998737563e-06 0 111 -Inf 0
"PA" 0 0 4.59996895611782e-06 4.45560971056978e-06 0 111 -Inf 0
"PC" 0 0 3.73394596080556e-05 3.69439164322567e-05 0 111 -Inf 0
"PD" 0 0 6.05228888532376e-07 6.02896394846245e-07 0 111 -Inf 0
"PE" 0 0 1.37865143651578e-05 1.36080870084014e-05 0 111 -Inf 0
"PF" 0 0 1.0483050584493e-07 1.04681662321909e-07 0 111 -Inf 0
"PG" 0 0 0 0 0 111 NA NA
"PH" 0 0 2.57311241619373e-07 2.55297190580512e-07 0 111 -Inf 0
"PI" 0 0 2.90657590932213e-05 2.77972546978559e-05 0 111 -Inf 0
"PJ" 0 0 4.60875541839812e-06 4.44271409823139e-06 0 111 -Inf 0
"PK" 0 0 5.19703581464068e-06 5.14842862264042e-06 0 111 -Inf 0
"PM" 0 0 8.46649047010796e-05 8.31001965500973e-05 0 111 -Inf 0
"PN" 0 0 9.35526070188284e-05 9.24279266227401e-05 0 111 -Inf 0
"PO" 0.000126887450831113 0.000122358094404457 0.00029723341637564 0.000286880506965832 0.00128857544224209 111 -1.34516856096113 0.178570806485309
"PQ" 0 0 1.51711816866855e-05 1.51311502643583e-05 0 111 -Inf 0
"PS" 0 0 0.000100592989269614 9.79103883775472e-05 0 111 -Inf 0
"PT" 0.000158052789631737 0.000125525991250947 0.000718906630548478 0.000566652184421137 0.00132225714316576 111 -3.51486309344333 0.0004399807479255
"PU" 0 0 2.87199933829679e-05 2.839266828892e-05 0 111 -Inf 0
"PW" 0.000858421446656741 0.000562327811489581 0.00126106694267299 0.000834667162160867 0.00370824975777856 111 -0.773754005088444 0.439076276795352
"PY" 0.0355261720149557 0.0217107602731917 0.0334712708968167 0.0202910328665664 0.0383995787590835 111 0.389529178783026 0.696884730157308
"PZ" 0 0 1.41553941521801e-05 1.4072051412972e-05 0 111 -Inf 0
"QA" 0.00673010905235611 0.00404643035955238 0.00843284478495015 0.00520217819691106 0.0121310920635309 111 -1.0037479706073 0.315500108559722
"QC" 0 0 2.193725937207e-06 2.14946721403658e-06 0 111 -Inf 0
"QD" 0 0 0 0 0 111 NA NA
"QE" 0.000738358650537607 0.000634204265418506 0.000325755830225283 0.000281567114475298 0.00407208270212113 111 0.9123741324789 0.361571801808112
"QF" 0 0 4.90746860107666e-06 4.84023095374721e-06 0 111 -Inf 0
"QG" 0 0 4.70244643078377e-06 4.65967307086674e-06 0 111 -Inf 0
"QH" 0 0 2.45310500545039e-06 2.43270300273856e-06 0 111 -Inf 0
"QJ" 0 0 1.64361652124952e-06 1.58541528854356e-06 0 111 -Inf 0
"QK" 0 0 2.71877272458994e-07 2.67799529278946e-07 0 111 -Inf 0
"QQ" 0 0 2.28393517922331e-05 2.26871253444174e-05 0 111 -Inf 0
"QU" 0.00156944274591333 0.00134503674900708 0.00131314589235962 0.00113997158918171 0.0104471279269758 111 0.20680282043018 0.836163853383292
"RA" 0.000600600600600601 0.00045549690681903 0.00018834832912618 0.000146135019771049 0.00477544591555497 111 0.682518404333743 0.494911209313365
"RB" 0 0 1.53225872912491e-05 1.43439735842203e-05 0 111 -Inf 0
"RE" 0 0 7.03670397687684e-07 6.99849617717324e-07 0 111 -Inf 0
"RO" 0 0 0.000232075641757778 0.000145108646158049 0 111 -Inf 0
"RP" 0 0 1.91182161631914e-05 1.54974827851359e-05 0 111 -Inf 0
"RQ" 0 0 3.27507208130208e-05 2.83453236145204e-05 0 111 -Inf 0
"RT" 0.323868353278676 0.125238789808744 0.283769150666139 0.113769494697525 0.0426070737264081 111 2.83606714830998 0.00456728422559141
"RU" 0.157607098454292 0.0693456712079914 0.140011801266225 0.0639016869668162 0.047441857418568 111 1.20897317520625 0.226673151220271
"RX" 0.0160360589322406 0.00768768019719204 0.0163987840356711 0.00805222128542016 0.0179123245196865 111 -0.214415425537795 0.830223113538317
"RY" 0 0 6.32577847010866e-05 6.0289320017759e-05 0 111 -Inf 0
"RZ" 0.000187687687687688 0.000148428478142983 0.0012064178884896 0.000936789773140855 0.0015624131410165 111 -5.3160725663408 1.06030878108694e-07
"SA" 0.000827399147667905 0.00064284554375432 0.00175293584307515 0.0013640720067901 0.00445264092111783 111 -1.7065360595105 0.0879083184691545
"SD" 0.000548048048048048 0.000462831772474849 0.0020937469036838 0.00176000514128249 0.00359822196786464 111 -3.79814519316308 0.000145782923189072
"SI" 0 0 8.10134906467045e-07 7.99576749060915e-07 0 111 -Inf 0
"SR" 0 0 1.69825419468786e-07 1.68289363720149e-07 0 111 -Inf 0
"SU" 0.00765281410442701 0.00649422945787302 0.00438627067989154 0.00375556988285612 0.0666067681079859 111 0.433192749759817 0.664874745637726
"SY" 0.00135985041645419 0.00132097862201955 0.000124194375106732 0.000121099006656049 0.0138943001577278 111 0.909834682500719 0.362909700836922
"TA" 0 0 7.83809628317474e-07 7.53117754650931e-07 0 111 -Inf 0
"TC" 0.0096599711077081 0.00732631431033704 0.0242285390029068 0.0183337666310716 0.0412439255652684 111 -2.81182512970961 0.00492612768084035
"TD" 0.00759958385361055 0.00552297192865856 0.00861216188072799 0.00630467917977533 0.0357621689153788 111 -0.230293552758176 0.817863670143966
"TE" 0 0 4.70504858975678e-06 4.66147880146741e-06 0 111 -Inf 0
"TI" 0 0 0.000168226527966719 0.000143712817556662 0 111 -Inf 0
"TM" 0.0127456220353508 0.00791312621048721 0.00928383465314144 0.00591128941379309 0.0208444619362105 111 1.01181116712113 0.311628349552306
"TQ" 0.0119893893726774 0.00784399561679972 0.021388173886351 0.0138843953754024 0.0337100197847885 111 -1.88785295267522 0.0590456940583159
"TU" 0.0144204677553189 0.0083896995774799 0.020083765400208 0.0118294680485289 0.0226504630575841 111 -1.59997654391518 0.109603787033773
"UA" 0 0 1.92554707844419e-05 1.77226512366763e-05 0 111 -Inf 0
"UB" 0.00128700128700129 0.00126027469078574 5.98877873879917e-05 5.88706524306966e-05 0.0132579374638942 111 0.954716900713899 0.33972088074169
"UE" 0.000346500346500347 0.000323233209789481 0.000146802191862457 0.000137115901365117 0.00340224862240912 111 0.576344569899044 0.564382302742702
"UF" 0 0 5.07107879494212e-05 4.97353411624668e-05 0 111 -Inf 0
"UH" 0.00122850122850123 0.00119380731183344 3.38608017371834e-05 3.30637172295321e-05 0.0125373958736969 111 0.975417282168221 0.329353314485047
"UI" 0.000169981302056774 0.000166816172825718 9.05420514191654e-05 8.91322376924736e-05 0.00175573070597397 111 0.466159781758165 0.641101134730761
"UK" 0 0 3.2322525719184e-05 3.19146210286671e-05 0 111 -Inf 0
"UM" 0.0207703995720958 0.0116078113803158 0.00816803897700173 0.00472051667245537 0.0344657086347975 111 2.10534340392503 0.0352614264863139
"UN" 0 0 2.83451599862242e-06 2.82167301001216e-06 0 111 -Inf 0
"UP" 0 0 1.0091652673909e-05 1.00725979876327e-05 0 111 -Inf 0
"UQ" 0 0 1.17888353305761e-05 1.16060560760197e-05 0 111 -Inf 0
"UR" 0 0 9.63528170869228e-05 9.42180373386018e-05 0 111 -Inf 0
"UT" 0 0 1.01916300769402e-06 1.01808747699753e-06 0 111 -Inf 0
"UU" 0 0 1.70741193294402e-05 1.6892410344573e-05 0 111 -Inf 0
"UY" 0 0 3.00984386166432e-05 2.91609544230919e-05 0 111 -Inf 0
"VE" 0.0284279805770803 0.0157740675380805 0.0575780916363029 0.0310496955790157 0.0297830795858249 111 -5.40369666719284 6.5281305594453e-08
"VI" 0.0037293851204258 0.00201626939921007 0.00949730111935696 0.00506194259758786 0.00835080116080427 111 -3.84252452483991 0.000121775241368318
"VJ" 0 0 0.00267885859583767 0.00176425675908984 0 111 -Inf 0
"VM" 0 0 4.6647896602301e-06 4.58625302003105e-06 0 111 -Inf 0
"VP" 0 0 0.000245568345811887 0.000193445479048307 0 111 -Inf 0
"VS" 0 0 0.000182386848648427 0.000151780457387435 0 111 -Inf 0
"VX" 0.00343000709852686 0.00218741496022702 0.0053046456735978 0.00339025389380573 0.0102502883765964 111 -1.23632565826834 0.216337537357032
"VY" 0.0224985484752715 0.015515367001681 0.0272176023965868 0.0188167724170664 0.0381692650259196 111 -0.911268905248087 0.362153705891632
"WC" 0.0080444592428366 0.00488584007522058 0.0100750829690038 0.00612453787085011 0.0171162679385089 111 -0.762461251837098 0.445784760963475
"WE" 0.00386378385430069 0.00298453094117356 0.00413510742164958 0.0031947273133571 0.016648718556765 111 -0.133016615656088 0.894180239876767
"WF" 0.00036036036036036 0.000312553890525701 0.000334654838865613 0.000291766533914409 0.0032899324145512 111 0.0665692677226378 0.946924612260507
"WH" 0.0041326593050731 0.00346575139504439 0.00408634512838097 0.00343734198444747 0.0274384033875315 111 0.0109084959917103 0.991296452080504
"WM" 0 0 0.000184095505838109 0.000148982530058633 0 111 -Inf 0
"WQ" 0 0 0.000668863915058145 0.000597528096725048 0 111 -Inf 0
"WU" 0 0 0.000312667456551895 0.000264076948673123 0 111 -Inf 0
"WV" 0.000281531531531532 0.000232272217625069 0.000602578392289793 0.000488255843860449 0.00244292284676343 111 -1.10398691304916 0.26959881469289
"WY" 0 0 0.000151274134250635 0.00013252846828016 0 111 -Inf 0
"XA" 0 0 8.88831002241855e-05 8.50803573159241e-05 0 111 -Inf 0
"XE" 0 0 7.65471038478306e-06 7.50098148187299e-06 0 111 -Inf 0
"XQ" 0.00179605442763337 0.00164177068756354 0.000267649960822825 0.000246600639753427 0.0157602375406356 111 0.932665419044541 0.3509927448918
"XW" 0.0153128023244491 0.0117570196320858 0.00668184330544966 0.0051593532072016 0.0490734025812251 111 1.41646442621029 0.156639572497408
"XY" 0.00028494024046285 0.000271073880520453 0.000636648731085361 0.000606007966447128 0.0020212315980949 111 -1.74584127948409 0.0808385357901615
"YA" 0.0545343696115452 0.0368868959542097 0.0595108383932021 0.0405035578904253 0.0514775014100846 111 -0.74020488285829 0.459175685226886
"YE" 0 0 9.66221596269663e-06 9.58530212109976e-06 0 111 -Inf 0
"YG" 0 0 2.70176803700341e-07 2.65767927246979e-07 0 111 -Inf 0
"YI" 0 0 2.03439462612828e-05 1.86655114612709e-05 0 111 -Inf 0
"YO" 0.000306800306800307 0.000226659919807094 0.00180405207500331 0.00134775736238395 0.00168091431610105 111 -7.02682722436187 2.11282722282777e-12
"YP" 0.00353925353925354 0.00271548534789745 0.000719330391775684 0.000556999452502372 0.0207305969039464 111 1.09698047430413 0.272649927704964
"YQ" 0 0 9.33838081436083e-05 8.85457664319451e-05 0 111 -Inf 0
"YR" 0 0 6.97180948568702e-06 6.88752145188039e-06 0 111 -Inf 0
"YU" 0 0 0.000350458428338863 0.000300871609975169 0 111 -Inf 0
"YY" 0 0 2.18294961837594e-06 2.15478698845104e-06 0 111 -Inf 0
"ZA" 0.00473550473550474 0.00406518013087849 0.00202157281213527 0.00174133738672529 0.0405613781671101 111 0.603608743953622 0.546103798048804
"ZC" 0.000441618088676912 0.000389237770956261 0.000359265322051761 0.000318987034943198 0.00293670212854451 111 0.252030133843885 0.801017771991922
"ZD" 0.00966515512751011 0.00692731511712778 0.0235350231732077 0.016761164308121 0.0256935715524861 111 -4.03237167407545 5.52167675103591e-05
"ZE" 0.000147688672278836 0.000123692735918755 0.000921341310630331 0.000783943156953516 0.00129913893076172 111 -5.35444644255166 8.58187344145314e-08
"ZK" 0 0 0.000110818851569491 9.15504546281443e-05 0 111 -Inf 0
"ZM" 0.00241522316158622 0.00199082262154566 0.000787841692005923 0.000658491703628139 0.00879323735281851 111 1.59633780736058 0.110413393370672
"ZQ" 0 0 5.56954332666449e-07 5.52711466453188e-07 0 111 -Inf 0
"ZR" 0 0 1.12752016697691e-05 1.11110012227572e-05 0 111 -Inf 0
