"Q" "C" "Qworld" "Cworld" "sigma" "N" "score" "pvalue"
"AA" 0.0034964095174511 0.00311726628474436 0.00138998831315863 0.00126223401351721 0.023405860033576 280 1.32619040448851 0.184776636848458
"AC" 0.000199805679182599 0.000192755797833644 0.000296913510688844 0.000289428402764521 0.00273169515151584 280 -0.592175185885609 0.553733283978247
"AD" 0 0 0.000184348350602918 0.000166868220155874 0 280 -Inf 0
"AE" 0 0 5.7752946626096e-06 5.3819933443675e-06 0 280 -Inf 0
"AF" 0 0 1.99178401148043e-06 1.96032593430566e-06 0 280 -Inf 0
"AH" 0 0 0.0001253150568421 0.000111061371754029 0 280 -Inf 0
"AI" 0 0 3.69893901003534e-05 3.61296993502895e-05 0 280 -Inf 0
"AM" 0 0 2.02320901099452e-05 1.87760584863334e-05 0 280 -Inf 0
"AQ" 0 0 0.00019772695705432 0.000175899183090338 0 280 -Inf 0
"AY" 0.0011734771484634 0.000605024999794609 0.00190577135691489 0.000950061926422228 0.00319085252894603 280 -1.80941363832225 0.0703867659297446
"AZ" 0 0 4.67976946305248e-05 3.6858876988748e-05 0 280 -Inf 0
"BA" 0.002095969637528 0.00143048979022574 0.00637432261937953 0.00436478266691346 0.0102323085888584 280 -4.79853697677073 1.59828803918053e-06
"BD" 0 0 3.02898004767252e-05 2.87148811198094e-05 0 280 -Inf 0
"BF" 0.000446428571428571 0.000401105378453821 0.000152119477694626 0.00013569402239733 0.00670769116114756 280 0.662102851386135 0.507905308558098
"BI" 0 0 8.26552537215794e-06 8.09482263502068e-06 0 280 -Inf 0
"BK" 0 0 8.47353196500084e-07 8.25661290076059e-07 0 280 -Inf 0
"BM" 0 0 1.39603956647355e-06 1.37756529931772e-06 0 280 -Inf 0
"BP" 0 0 6.69960972802511e-06 6.3073352577832e-06 0 280 -Inf 0
"BQ" 0 0 1.66355096632502e-05 1.39411455228384e-05 0 280 -Inf 0
"BU" 0 0 2.9694526350828e-05 2.96336978197e-05 0 280 -Inf 0
"BV" 0.00239446438951896 0.00109188805458604 0.00511817102943807 0.00243630438080381 0.00345942877249854 280 -6.50291983525251 7.87757810534423e-11
"CN" 0.0192100130644621 0.00799051767761436 0.023298531841204 0.0100200442122319 0.0127024403109843 280 -2.67353938728822 0.00750554618293237
"CO" 0.00713837056736184 0.00540333409621115 0.00552542569458063 0.00401883198433284 0.0145488126721068 280 1.59237403046836 0.111300687803096
"CQ" 0.0379697766855299 0.0256171207345538 0.0556218672644912 0.0348999106943605 0.0468011727646213 280 -3.31895071653126 0.000903563747864161
"CT" 5.33049040511727e-05 3.64564736548487e-05 0.00021759138969873 0.000142117998803227 0.000609799021927649 280 -2.89940689490846 0.00373869363084579
"CU" 0.00973873807018185 0.00546981854654665 0.00811301984354872 0.00424613951223092 0.0118994312139101 280 1.7207601185559 0.0852943621199629
"DA" 0.00696980995259926 0.00482396697098815 0.00641944644008942 0.00418369482263549 0.0159453292630021 280 0.671908499089729 0.501641949361748
"DB" 0.0017958519840685 0.00139327718166147 0.00341903438651951 0.00252324436717022 0.00555222402586157 280 -3.4054763316712 0.000660487385291595
"DE" 6.37755102040816e-05 5.60897255615844e-05 0.000366226825083344 0.000312854985538813 0.000938212406494012 280 -4.57945829193099 4.66181734259701e-06
"DI" 0 0 4.36974994387372e-05 4.31623294536107e-05 0 280 -Inf 0
"DK" 0 0 1.21072495997553e-05 1.20528501243557e-05 0 280 -Inf 0
"DM" 0.0035418999752176 0.00284025183972273 0.00637818119721692 0.00494350069236105 0.0181006620318325 280 -1.94435345819004 0.0518528422362793
"DQ" 0.00359893698113294 0.00310001030274129 0.00420894568214781 0.00357736033760887 0.0148913181446504 280 -0.536392667135143 0.59168719823526
"DR" 0.0157511887478037 0.0106949513343342 0.0269475247730445 0.017051078177572 0.0273972657833818 280 -3.88207881426103 0.00010356729701003
"DS" 0.0016310951973241 0.00122072891080801 0.00284008926512511 0.00210912901256842 0.00874591326433883 280 -1.69973982189482 0.0891798753625531
"DT" 0 0 8.34740427403974e-06 8.25515320693771e-06 0 280 -Inf 0
"DW" 0 0 0.000253844155734038 0.000224231125239389 0 280 -Inf 0
"DX" 0.00071754056286031 0.000529267322168902 0.00176939566978014 0.00123556586422601 0.00365906080949942 280 -3.22996412305769 0.00123805752860588
"DY" 0.00111012491139645 0.0010199581826183 0.000931643288636804 0.000847219815848979 0.0123808494096348 280 0.233462635305464 0.815402180643049
"EA" 0.000582431603055745 0.000533391212749689 0.000823993316696495 0.000746679609273743 0.00382005023159255 280 -0.934280256418677 0.350159345993174
"EC" 0.000264550264550265 0.000253966276033546 8.54435351291298e-05 8.16706497648755e-05 0.00424499422729484 280 0.679166357017703 0.497032461399098
"EE" 0.000339536624366346 0.00031499731741017 0.000392428128242701 0.000359364382564211 0.00311788191697846 280 -0.238111326197962 0.81179475031532
"EI" 0.000178571428571429 0.00017091886960025 0.000181205599896664 0.000173067881164852 0.00285932195294043 280 -0.012576352731546 0.989965786834618
"EN" 0 0 0 0 0 280 NA NA
"EO" 0 0 3.12103530983298e-07 3.09255386389034e-07 0 280 -Inf 0
"EP" 0.00804025046739778 0.00729957682993215 0.00449297289959411 0.00414836923427894 0.0217935579273949 280 2.41951262788486 0.0155413211110329
"EQ" 0.00257909916071702 0.00183096696851543 0.00566341788443326 0.00399035866503666 0.00921660352053125 280 -3.9204826595487 8.83717951095203e-05
"ER" 0.00259750891834159 0.00217904783515402 0.000715079042883843 0.000613694403993241 0.00889305556647818 280 2.94537379972502 0.00322564706017685
"ES" 0.000496708578371314 0.000475467735767511 0.000257543714000854 0.000249567590000123 0.00498355187669123 280 0.758501673618695 0.448150711485853
"ET" 0.00050417181491321 0.000471752511484292 0.000320051724675177 0.000302355305728194 0.0055880345717395 280 0.507254809694482 0.611976042054095
"EU" 3.50140056022409e-05 3.31715248054733e-05 0.00011173494646195 0.000105982209990631 0.000555039242054753 280 -2.19508046218357 0.0281578264542494
"EV" 0.00226875517598569 0.00192649388224139 0.00128626063539365 0.00109800742718421 0.00882988178986899 280 1.57003573992705 0.116406796793059
"EW" 0.000873700851530017 0.000835064113100164 0.000234802484814294 0.000227005100620574 0.00650136217612736 280 1.56502177769304 0.117577803060076
"EX" 0.000967619672547797 0.000909416630902226 0.000698905166338072 0.000665584684430595 0.00667389339764357 280 0.611350618446619 0.540967486980032
"FA" 0 0 1.2139560005276e-05 1.20025626110732e-05 0 280 -Inf 0
"FE" 0 0 4.06729850151076e-05 3.6800840476819e-05 0 280 -Inf 0
"FF" 0.000111607142857143 9.3781055048871e-05 0.000421748038082666 0.000354474357551534 0.00156804402969947 280 -2.78195843047771 0.00540319603811281
"FI" 0.000132275132275132 0.000124059026686398 3.31158487203077e-05 3.08104086637523e-05 0.00207359930517047 280 0.752482806437663 0.451760765746153
"FS" 0 0 2.19261629225899e-07 1.27777499503038e-07 0 280 -Inf 0
"FU" 0 0 3.64473945501827e-05 3.45795227841694e-05 0 280 -Inf 0
"FY" 0.000157179660185242 0.000146087416401452 0.000639454872001921 0.000592668257982201 0.00182091155572985 280 -4.10383840544963 4.06351344583518e-05
"GA" 5.22648083623693e-05 4.57508273116806e-05 0.000506391018257423 0.000434335670628217 0.000765392071897204 280 -8.49534290351566 1.97349410588108e-17
"GC" 0 0 4.34924122930596e-05 4.32217858428991e-05 0 280 -Inf 0
"GM" 9.54553282763048e-05 6.74431892042738e-05 0.00255393138138757 0.00177474255732096 0.000677582930241031 280 -42.1624887782221 0
"GU" 0.000264832897901515 0.000248320258681993 0.000449421874480158 0.000415913999307581 0.00191618875077957 280 -1.46351953503228 0.143325272228057
"GY" 3.05250305250305e-05 3.01294562911202e-05 0.000176815025293825 0.000174408143629654 0.0005041457305867 280 -4.78878241164436 1.67796297897276e-06
"HA" 0.000535053760776979 0.000504404808665482 0.000127656988115381 0.000120895826489762 0.00293991470406802 280 2.18282955460717 0.0290483643382001
"HB" 0 0 6.33314583073762e-05 5.86255001288571e-05 0 280 -Inf 0
"HE" 0.000722358874783181 0.000567072258308045 0.000239685659582766 0.000190037998241541 0.003913952884912 280 1.6119227967589 0.106978740757805
"HF" 0 0 6.3762427225686e-05 5.70355659190616e-05 0 280 -Inf 0
"HI" 0.000905320624532351 0.000784683590695825 0.000352808166372278 0.000308832483337087 0.004300638114686 280 1.85147222106178 0.0641016475163897
"HL" 0.00043522564426707 0.00036968825822785 0.000808919508253048 0.00067811578235564 0.0038554991106136 280 -1.33860220488822 0.180700207960617
"HQ" 0 0 7.68568944026235e-05 7.4047426325183e-05 0 280 -Inf 0
"HT" 0.000567521883256246 0.000486410490119639 0.000441736429184305 0.000367521715165227 0.00553611242060419 280 0.359347780719766 0.719334934206548
"HY" 0.00269537566419992 0.00183915873920875 0.00669965742043091 0.00433489143061132 0.0124975362910474 280 -3.34158626337676 0.00083301127236288
"IA" 0.00752615066735914 0.00507065686833816 0.0172091738253798 0.0110349385073841 0.025389619124046 280 -3.93080022981115 8.46635981625574e-05
"ID" 0 0 1.42591479815644e-05 1.39102911024509e-05 0 280 -Inf 0
"IF" 0 0 5.94872608969498e-05 5.71726428368316e-05 0 280 -Inf 0
"IG" 0.0162076907951202 0.0116611431417253 0.00431139232899385 0.00316189881627115 0.0369286646358107 280 3.85119692411425 0.000117541932459177
"IH" 4.96031746031746e-05 4.81977025296898e-05 4.97817718785762e-05 4.81417605640215e-05 0.000806376881830944 280 0.00116085685328969 0.999073770447487
"II" 4.96031746031746e-05 4.79858344860442e-05 4.66793578374729e-05 4.50268413648179e-05 0.000802840605693498 280 0.0616727964620287 0.950823403996676
"IJ" 0.000140296393156805 0.000134826938509869 0.000147632015691106 0.000142828781087438 0.0016011608701425 280 -0.0836245994779322 0.933354907882647
"IK" 0 0 2.26332993712472e-05 2.22138173192196e-05 0 280 -Inf 0
"IL" 0 0 3.62052417440366e-07 3.55749243453013e-07 0 280 -Inf 0
"IM" 0.000210084033613445 0.000205473230875658 2.71492819811744e-05 2.65373369789733e-05 0.00343701551856818 280 0.871154109876502 0.383670012687965
"IO" 0 0 3.29926290991694e-06 3.2686556591089e-06 0 280 -Inf 0
"IP" 0 0 2.78426248819642e-06 2.75160212127558e-06 0 280 -Inf 0
"IQ" 0.00402062820534704 0.0038434319637781 0.00166390498069327 0.00161233677254419 0.0182563062275216 280 2.04495711085716 0.0408590866532722
"IU" 0 0 6.39637281270176e-05 6.28688282538579e-05 0 280 -Inf 0
"IX" 0 0 2.52767009699097e-06 2.51737336786803e-06 0 280 -Inf 0
"IY" 0 0 0.000303417753604683 0.0002617266710183 0 280 -Inf 0
"JA" 0.000231266749123892 0.000220439414563705 0.000766885431546541 0.000725036136045474 0.00184298697383485 280 -4.58143125673307 4.61804410277479e-06
"JB" 0 0 1.86353953326874e-05 1.82499748254697e-05 0 280 -Inf 0
"JI" 0.000335179634915047 0.000290173516738499 0.000253162462958562 0.000221381210004886 0.00283943301969008 280 0.405403281415437 0.685181099331269
"JM" 0 0 2.84534852856102e-06 2.59893673171874e-06 0 280 -Inf 0
"JO" 0 0 9.93825084801637e-05 8.87418746944794e-05 0 280 -Inf 0
"JS" 0 0 5.24775502777522e-06 4.97114044002065e-06 0 280 -Inf 0
"JU" 0 0 7.95271694507989e-05 7.39292339326666e-05 0 280 -Inf 0
"JW" 0 0 5.9898657461441e-08 5.7984659631158e-08 0 280 -Inf 0
"JY" 0.000844076565471831 0.000762390093531544 0.00094264714810083 0.000835300710328195 0.00652120170020197 280 -0.18708637269052 0.851592912535096
"KA" 0 0 5.30703708112536e-06 5.09794916374691e-06 0 280 -Inf 0
"KI" 0.00375287853005387 0.00322297694261788 0.00371015500302227 0.00313594211814622 0.0293931512774746 280 0.0495479765775583 0.960482604345025
"KM" 0.0123863644527812 0.00897395115313428 0.0139576700819131 0.0095312168092173 0.038650407563123 280 -0.241261051565105 0.80935279570806
"KU" 0 0 9.1407385378519e-06 9.00589780694986e-06 0 280 -Inf 0
"KV" 0 0 7.50491140743805e-06 7.34781550212014e-06 0 280 -Inf 0
"KY" 0 0 3.87757528354718e-06 3.85499612042514e-06 0 280 -Inf 0
"LE" 0 0 3.28319633544291e-05 3.24377072834255e-05 0 280 -Inf 0
"LI" 0.00427114119461938 0.0022446108939278 0.00531574608524175 0.00273092217344776 0.00904053646709641 280 -0.900117397917364 0.368057778285721
"LJ" 0.000980888667971957 0.000718943313702729 0.00164256527428425 0.00119641266627901 0.00399629523544216 280 -1.9992492929591 0.0455813875710284
"LQ" 3.56637766709709e-05 3.10838713776647e-05 0.000363198745625917 0.000311329968005461 0.000451026371450487 280 -10.3972060829451 2.55309389195531e-25
"MA" 0.0041418278130043 0.00326857096587488 0.00593670028990882 0.00449935475973783 0.0140298991253138 280 -1.46793300854621 0.142122420891881
"MC" 0.0015538389693471 0.00107051760460427 0.000864148137604241 0.000572700703791174 0.00548993128430437 280 1.5173359369148 0.12918188935919
"ML" 0 0 8.02593340739016e-06 6.48427946807781e-06 0 280 -Inf 0
"MM" 0 0 6.57381958141777e-06 6.49881798333781e-06 0 280 -Inf 0
"MQ" 2.4975024975025e-05 2.11894578656727e-05 0.000103411475006537 8.73203595472342e-05 0.000354575094771097 280 -3.12086679361033 0.00180319580083125
"MR" 0 0 1.84727722291754e-05 1.78623798181764e-05 0 280 -Inf 0
"MU" 0 0 5.72072892760668e-06 5.22783752377593e-06 0 280 -Inf 0
"MW" 0.0004565661420161 0.00041952533203764 2.59739431578407e-05 2.41956915253913e-05 0.00582583649140314 280 1.13548160168506 0.256173586352941
"MY" 0.0027155158887067 0.00198062386057388 0.00327198249612285 0.00240069409618496 0.0128640552797369 280 -0.54641552267914 0.584780342307365
"NE" 0.00137710433028547 0.00115783492704568 0.00346007721183814 0.00284791215799607 0.0106760605544565 280 -2.64895474070974 0.00807411436898534
"NI" 0.00201899006881107 0.00166870402604488 0.00870059929431603 0.00689029172303535 0.0117513258397041 280 -7.4352354120819 1.04381900756503e-13
"NM" 0 0 3.36711501749196e-06 3.3022962880088e-06 0 280 -Inf 0
"NN" 0.000221535982814178 0.000197573494957921 0.000984351171957393 0.000851086866654593 0.00193546842822039 280 -5.64998640052063 1.60460530947088e-08
"NQ" 0.000212251188616061 0.000193256918518292 0.000438004582802446 0.00040175552216137 0.00176161449846591 280 -1.98048378244215 0.0476491938774582
"NS" 0 0 0.000156276367289233 0.000149100332242497 0 280 -Inf 0
"NU" 3.53606789250354e-05 3.42408710165106e-05 0.000101257343244974 9.82742491203983e-05 0.000572932027176762 280 -1.87017535352187 0.0614594710996321
"OA" 0.000168817527010804 0.000158928450199702 0.000127335070423898 0.000120724857861879 0.00193131215795828 280 0.331002095620327 0.740642902622284
"OE" 0 0 4.38523109246035e-06 4.34100658792607e-06 0 280 -Inf 0
"OI" 0 0 0.000464547460581048 0.000304475282089782 0 280 -Inf 0
"OM" 0 0 6.87906984674301e-05 6.58505541502102e-05 0 280 -Inf 0
"OO" 0 0 4.22270430169772e-05 3.43208325358324e-05 0 280 -Inf 0
"OP" 0 0 0.000151900582555966 0.000117544804355567 0 280 -Inf 0
"OR" 0 0 2.09761169276166e-06 2.05444623063058e-06 0 280 -Inf 0
"OT" 0.0043086270329763 0.00329112917040892 0.00152311677253454 0.00119742704086088 0.0131979219403194 280 2.65453438379666 0.00794179453848248
"OU" 0 0 8.68064873788e-06 8.41905806581822e-06 0 280 -Inf 0
"OX" 0 0 7.47935272627758e-07 6.98026530573804e-07 0 280 -Inf 0
"OY" 0.000579662440011068 0.000535107313800761 9.02972854982692e-05 8.43189384764205e-05 0.00790388534508445 280 0.954357502907542 0.339902709959483
"OZ" 0 0 6.33200186172171e-06 5.3639942983353e-06 0 280 -Inf 0
"PA" 0 0 2.39834473337226e-06 2.31239480738618e-06 0 280 -Inf 0
"PC" 0 0 6.43758704558413e-05 6.3592235405582e-05 0 280 -Inf 0
"PD" 0 0 5.13898129862106e-07 5.12141310263164e-07 0 280 -Inf 0
"PE" 0 0 7.20128997837894e-05 7.06521495417372e-05 0 280 -Inf 0
"PF" 0 0 2.03692597936195e-07 2.03398432085208e-07 0 280 -Inf 0
"PG" 0 0 9.88327848113776e-08 9.8325174221889e-08 0 280 -Inf 0
"PH" 0 0 7.14453866106344e-08 7.08126074472802e-08 0 280 -Inf 0
"PI" 0 0 0.000200090594497895 0.0001864003815985 0 280 -Inf 0
"PJ" 0 0 4.09993261154996e-06 3.86882309466587e-06 0 280 -Inf 0
"PK" 0 0 1.10927801271484e-05 1.0922826432375e-05 0 280 -Inf 0
"PM" 0 0 0.000195123178654971 0.00018929063404014 0 280 -Inf 0
"PN" 0.000475462422206184 0.000464168298689907 0.000440299136469872 0.000432085640904375 0.00357582678132992 280 0.150131865750742 0.88066057966248
"PO" 0.000882079197540817 0.000835054682464509 0.000650590340604207 0.000618920145430136 0.00706748684259653 280 0.511726817516572 0.608842214648614
"PQ" 0 0 6.24945167785144e-05 6.21896713327651e-05 0 280 -Inf 0
"PS" 0 0 0.000116215844017614 0.000112773088333168 0 280 -Inf 0
"PT" 0.000833560954763494 0.000676802804361625 0.000523534296038783 0.000425443244954732 0.00400863135660585 280 1.04924836900458 0.294063822204887
"PU" 0.000119047619047619 0.000116386464029644 8.46469345008497e-05 8.31804082264173e-05 0.00194594887976909 280 0.285538636890769 0.775231507918992
"PW" 0.00102420786044396 0.000715601359764879 0.00085604643707309 0.000564737854843403 0.00509507856936787 280 0.49546424971533 0.620272451559315
"PY" 0.00716374522021232 0.00502886878458001 0.0114750039627319 0.00779666454214054 0.011959029201397 280 -3.87272918723365 0.000107623391663393
"PZ" 0 0 2.36329775311352e-05 2.33835602157968e-05 0 280 -Inf 0
"QA" 0.00458548828433244 0.00283333424626151 0.00875201133718875 0.00501504660886046 0.00817477776083198 280 -4.46581320394448 7.97651844690281e-06
"QC" 0 0 5.81466217306938e-07 5.6688099505877e-07 0 280 -Inf 0
"QD" 0 0 3.90129413729122e-08 3.85720285055637e-08 0 280 -Inf 0
"QE" 5.95238095238095e-05 5.03058680071433e-05 0.000286700682597331 0.000240540585719676 0.000841663715499506 280 -3.78207545455637 0.000155526200155149
"QF" 0 0 3.13668156391301e-06 3.07423828424972e-06 0 280 -Inf 0
"QG" 0 0 8.65128199289672e-06 8.51274359810334e-06 0 280 -Inf 0
"QH" 0 0 4.40674501104713e-06 4.34600938149132e-06 0 280 -Inf 0
"QJ" 0 0 4.32647402380423e-06 4.09321718338113e-06 0 280 -Inf 0
"QK" 0 0 3.68015431375875e-07 3.61228118229271e-07 0 280 -Inf 0
"QQ" 0 0 4.46166406640819e-05 4.41850468035201e-05 0 280 -Inf 0
"QU" 0.000229888467014713 0.00019803931656599 0.000798491185598013 0.000661970397699257 0.00255874713098018 280 -3.03392692424633 0.00241392893820672
"RA" 0.00044876807552394 0.000326161106748964 0.000519680442852399 0.000364159039802812 0.00226205006830481 280 -0.281084420919979 0.778645649972677
"RB" 0.000408496732026144 0.000370325471520154 0.000206096961728785 0.000189563860307716 0.004372354682112 280 0.691782919862706 0.489073664432103
"RE" 0 0 1.16051008286607e-06 1.15033308733573e-06 0 280 -Inf 0
"RO" 0.00132827372829106 0.000745783165736627 0.000797921533570232 0.000417599759950061 0.0060272886053945 280 0.91111594273976 0.362234287116328
"RP" 4.20168067226891e-05 3.16538419938176e-05 8.10880023253885e-05 6.26542627156829e-05 0.000529385110071868 280 -0.979884485991766 0.327143141789864
"RQ" 0 0 1.96786425369409e-05 1.60327313618497e-05 0 280 -Inf 0
"RT" 0.104087652950109 0.0464008948524958 0.0975849160276244 0.0450144045071477 0.0544355580366224 280 0.426199745522126 0.669962302909619
"RU" 0.334197861528698 0.116528575174176 0.324858879605778 0.1185269504981 0.0329875294800787 280 -1.01369261529517 0.310729448900047
"RX" 0.0345851594044698 0.014384876216142 0.0159316081230218 0.00723296493122073 0.0202722079397737 280 5.90337106169047 3.56147993912293e-09
"RY" 0.000356299739868957 0.000335719272532386 8.40983616613309e-05 7.99128710499846e-05 0.00293080291315808 280 1.46050756051169 0.144150631192381
"RZ" 0 0 0.000286408747594171 0.00023742841557439 0 280 -Inf 0
"SA" 0.00113423164940159 0.000888505892457645 0.00207602450297354 0.00157157548585221 0.00660976377971401 280 -1.72925097834236 0.0837641860967396
"SD" 0.000353958710732724 0.000308952513383341 0.00126187985194498 0.00108307011410867 0.00350455545968615 280 -3.69617921481746 0.000218868499917374
"SI" 0 0 2.20382306488025e-05 2.15251497758129e-05 0 280 -Inf 0
"SR" 0 0 5.62329784692731e-06 5.53865010226745e-06 0 280 -Inf 0
"SU" 0.00670752299639334 0.00565376791972862 0.00679952263136635 0.00571653302157831 0.0240634704703856 280 -0.0436454515931937 0.965187021063487
"SY" 0.000514736722495434 0.000494154309198632 0.000513184341670073 0.000496579348590864 0.00540462936957456 280 -0.00750813194952094 0.994009433720472
"TA" 0 0 2.59362443044125e-05 2.42276204270723e-05 0 280 -Inf 0
"TC" 0.0107596316467487 0.00891446464782236 0.00381355868996116 0.00324581875379289 0.0285890285653029 280 3.31786679164537 0.000907077325170278
"TD" 0.00332211949201801 0.00253064837785451 0.00438465717754354 0.00335316409258594 0.0134114941291354 280 -1.02623318936092 0.304781680660383
"TE" 7.44047619047619e-05 7.34016613229952e-05 1.56695189955547e-05 1.54211269451846e-05 0.00122790739385354 280 0.790124657182166 0.429454971175348
"TI" 8.30564784053156e-05 7.03201814677404e-05 0.000181143053900622 0.000147334439702465 0.00117575128731243 280 -1.09606091072975 0.273052119477807
"TM" 0.00473545379502253 0.00311268642693455 0.00661419692541075 0.00415681760093815 0.0154784326894654 280 -1.12877425418074 0.258993076080171
"TQ" 0.00268405146956311 0.00196808515561566 0.00553757712903277 0.00399974076358875 0.0167452600448594 280 -2.03019246081722 0.0423369798873662
"TU" 0.0184239176876744 0.0103749407703295 0.0367580610613026 0.0193468075387814 0.0252168976106251 280 -5.95347009331578 2.6251584513744e-09
"UA" 3.7593984962406e-05 3.36872510782171e-05 0.000105434154201285 9.50714335641011e-05 0.000563617708895163 280 -1.82243002435416 0.0683897623526734
"UB" 0.000951070373801695 0.000920925752846388 0.000177383590796998 0.000172644336555554 0.00889621312299681 280 1.4074688655794 0.159288403165895
"UE" 0.000166416387285031 0.000150762698410207 0.000372503950917326 0.000343768393318823 0.00149171173162424 280 -2.16503157279113 0.030385267472902
"UF" 0.000585178943989729 0.000565943099076974 0.000334529931474968 0.000324764553968723 0.00702501774591699 280 0.574473845470349 0.56564719433731
"UH" 0.000196050642479214 0.000188603798510919 0.000134748841994561 0.000129574050251008 0.00235807802982399 280 0.418882073627759 0.67530231883137
"UI" 0.00165669644282305 0.00160889960229811 0.000711037899186005 0.000693387721329997 0.0122120250034895 280 1.25445566055454 0.209676432288422
"UK" 5.95238095238095e-05 5.80486144006111e-05 8.85722210431201e-05 8.66715950535531e-05 0.000970744288498749 280 -0.493388506866412 0.621738101631068
"UM" 0.0408673744037904 0.0199477553318221 0.0334237833280423 0.0159162987798834 0.031012029889762 280 2.17525815479078 0.0296107763990424
"UN" 6.37755102040816e-05 6.31367702517875e-05 1.07839097848258e-05 1.07092158366618e-05 0.00105632120332281 280 0.830505700919291 0.406252925945392
"UP" 0.000105042016806723 0.000104446512450424 2.70015356391194e-05 2.69104662922906e-05 0.001747271780101 280 0.742544018335391 0.45775779230248
"UQ" 0 0 3.34204898087583e-06 3.29186542088988e-06 0 280 -Inf 0
"UR" 0.00183082532270062 0.00176032329016308 0.000652350302495757 0.000630607446094367 0.0171977729548719 280 1.099198239859 0.271681606328509
"UT" 0 0 6.86678413343636e-07 6.86073891253714e-07 0 280 -Inf 0
"UU" 0 0 1.7104494596442e-05 1.69154778424499e-05 0 280 -Inf 0
"UY" 0 0 4.83168933836667e-05 4.60309838355141e-05 0 280 -Inf 0
"VE" 0.0276976333219187 0.0149577342831359 0.0441980664328542 0.0236998391856256 0.0312251457873502 280 -4.68479460079495 2.80240821185074e-06
"VI" 0.0173198475228691 0.00801326370159217 0.0146558175148657 0.00708704064191421 0.0160548567158813 280 0.965357490758644 0.334365785405602
"VJ" 0.00487247450646212 0.003036634224568 0.00553039770394389 0.00348919434114318 0.00781006273110349 280 -0.969618227608161 0.332236823836008
"VM" 0 0 2.33613000922393e-06 2.30106869065219e-06 0 280 -Inf 0
"VP" 0 0 9.69784394116877e-05 7.79594225292099e-05 0 280 -Inf 0
"VS" 0.00157123326880952 0.0011999427309502 0.000709869563601449 0.000557623630055539 0.00495749578412882 280 2.16804104087526 0.0301555640794961
"VX" 0.0400724384911471 0.0209821111690099 0.0208230476978664 0.0115789647310228 0.0312774833123796 280 5.03060727088374 4.88928739901867e-07
"VY" 0.0397609859469877 0.0270336612002508 0.0198587551968912 0.0141174246589713 0.0446424818713335 280 4.84135216249547 1.28958598749363e-06
"WC" 0.010340110787984 0.00654121052200417 0.00513010648975838 0.00336985914629686 0.0211945885172227 280 2.50379281861693 0.0122869960337254
"WE" 0.00420058057008319 0.00346832204115166 0.00169501808089471 0.00137480935091114 0.0251460466769543 280 1.39310835255175 0.16358702770943
"WF" 0 0 0.000674493132751486 0.000567902351129547 0 280 -Inf 0
"WH" 0.000182592818015825 0.000158519733997676 0.00161642648140518 0.0013872084744038 0.0019352083984391 280 -10.6241245643566 2.3016147324263e-26
"WM" 0 0 6.43944115941434e-05 5.40522537113276e-05 0 280 -Inf 0
"WQ" 0.00184587011796545 0.00162604135309811 0.00096141298814797 0.000850899229482772 0.0224740897858155 280 0.577136102856549 0.563847517398878
"WU" 3.7593984962406e-05 3.25650406036223e-05 0.000196722389841976 0.000169732417290414 0.000544893902629164 280 -4.21228648236441 2.52798637579039e-05
"WV" 0 0 0.000194450712806611 0.000164333694450042 0 280 -Inf 0
"WY" 0 0 5.17724064310583e-05 4.65046458894608e-05 0 280 -Inf 0
"XA" 0 0 4.87666459879009e-05 4.68727805080269e-05 0 280 -Inf 0
"XE" 0 0 4.0869325305278e-06 3.95249538571499e-06 0 280 -Inf 0
"XQ" 0.000946053238507177 0.000848041149841434 0.000405759121155471 0.000361374910467309 0.00542451774264682 280 1.5012364529545 0.133294414620875
"XW" 0.027578555089084 0.0211421129823862 0.00725120303817138 0.00576508634302046 0.0513147022579343 280 5.01429140188285 5.32292644976452e-07
"XY" 0.000735958667450506 0.000694596809282628 0.000750064243660507 0.000705716699978686 0.00574359085556175 280 -0.0323963467412053 0.974155975838674
"YA" 0.0133340714155088 0.010579347736705 0.0125755656300528 0.0100479592644888 0.0251440758318533 280 0.353635183283267 0.723612303565386
"YE" 5.58035714285714e-05 5.44383646324143e-05 5.47607331549421e-05 5.39557364513022e-05 0.000910541110112384 280 0.0088693569643542 0.992923369795115
"YG" 0 0 1.52741576526675e-07 1.49844413926491e-07 0 280 -Inf 0
"YI" 0 0 1.31615902499636e-05 1.21048122340638e-05 0 280 -Inf 0
"YO" 0.001445333773699 0.00104694823702612 0.00360650144723693 0.00248075381584589 0.00790519492027621 280 -3.03498604580427 0.00240546816067825
"YP" 0.000124031410889802 0.00010436964135502 0.000549054134943363 0.000452679161223564 0.00151974460950684 280 -3.83507400272803 0.000125526494361018
"YQ" 0 0 5.00703984595024e-05 4.79070099170466e-05 0 280 -Inf 0
"YR" 0 0 1.217748704451e-05 1.19715219033284e-05 0 280 -Inf 0
"YU" 0 0 0.000149026438143898 0.000127878174868646 0 280 -Inf 0
"YY" 0 0 7.94479792782313e-07 7.83032030517437e-07 0 280 -Inf 0
"ZA" 0.000170807453416149 0.000151557559396005 0.00123144607332846 0.00107558117906338 0.00192408500528479 280 -8.03596123898476 9.28480952882785e-16
"ZC" 0.00024875859434683 0.000220549695424164 0.000622728627386588 0.000540687194616493 0.00245731679890308 280 -2.17998956169079 0.0292582353090168
"ZD" 0.00372576268438936 0.00287529483004696 0.00892672651319942 0.00673250211614485 0.0124469323379633 280 -5.18548838012266 2.15449521056045e-07
"ZE" 0.000408475107395373 0.00034576721753905 0.00131270338179375 0.00106835293820945 0.00309283783021889 280 -3.9094102013519 9.25217402510775e-05
"ZK" 0 0 5.12527562566652e-05 4.40340810415893e-05 0 280 -Inf 0
"ZM" 0.00279837542833181 0.00218536869047502 0.00762836680912951 0.00583760302041102 0.00904024676316875 280 -6.76016606945329 1.37833659810178e-11
"ZQ" 0 0 1.1604130731329e-06 1.14641147338056e-06 0 280 -Inf 0
"ZR" 0 0 2.24732313575184e-05 2.19787855252212e-05 0 280 -Inf 0
