"Q" "C" "Qworld" "Cworld" "sigma" "N" "score" "pvalue"
"AA" 0.00292962609965531 0.0026490762410394 0.00138998831315863 0.00126223401351721 0.0273423863917586 993 1.59832563437146 0.109970525282509
"AC" 0.000187095563950818 0.000181756794206745 0.000296913510688844 0.000289428402764521 0.00296504552459774 993 -1.14431201954983 0.252494260337765
"AD" 4.20518063627674e-05 3.83907008339743e-05 0.000184348350602918 0.000166868220155874 0.000923739499047094 993 -4.38280604887307 1.17160409264536e-05
"AE" 0 0 5.7752946626096e-06 5.3819933443675e-06 0 993 -Inf 0
"AF" 0 0 1.99178401148043e-06 1.96032593430566e-06 0 993 -Inf 0
"AH" 2.21329526465478e-05 1.99286987875325e-05 0.0001253150568421 0.000111061371754029 0.000627804600281901 993 -4.57429573627849 4.77824516076775e-06
"AI" 0.000349170383158299 0.00034034163660882 3.69893901003534e-05 3.61296993502895e-05 0.00545373022674888 993 1.75775047750214 0.0787899749506562
"AM" 0 0 2.02320901099452e-05 1.87760584863334e-05 0 993 -Inf 0
"AQ" 9.89064827430254e-05 8.9832186085014e-05 0.00019772695705432 0.000175899183090338 0.00142890377137972 993 -1.89805281052266 0.0576891255940326
"AY" 0.00152923255094276 0.000748978713709617 0.00190577135691489 0.000950061926422228 0.00338290140995506 993 -1.87310058087696 0.0610544971737343
"AZ" 0 0 4.67976946305248e-05 3.6858876988748e-05 0 993 -Inf 0
"BA" 0.00216619777291705 0.00146523729078709 0.00637432261937953 0.00436478266691346 0.0129179680446947 993 -7.07310862737065 1.51500797035069e-12
"BD" 0 0 3.02898004767252e-05 2.87148811198094e-05 0 993 -Inf 0
"BF" 0.000340473612672483 0.000303821003420371 0.000152119477694626 0.00013569402239733 0.00349511865828572 993 1.51582866100215 0.129562682810237
"BI" 4.37847541486055e-05 4.2898737021793e-05 8.26552537215794e-06 8.09482263502068e-06 0.00135166546716107 993 0.811397186566027 0.417137614303171
"BK" 0 0 8.47353196500084e-07 8.25661290076059e-07 0 993 -Inf 0
"BM" 0 0 1.39603956647355e-06 1.37756529931772e-06 0 993 -Inf 0
"BP" 0 0 6.69960972802511e-06 6.3073352577832e-06 0 993 -Inf 0
"BQ" 2.07639040292356e-05 1.70193088509443e-05 1.66355096632502e-05 1.39411455228384e-05 0.000536270204652389 993 0.180876695877192 0.856464361123297
"BU" 0 0 2.9694526350828e-05 2.96336978197e-05 0 993 -Inf 0
"BV" 0.00707757104741662 0.00288380718795625 0.00511817102943807 0.00243630438080381 0.00820875941320907 993 1.71788014771993 0.0858184785791196
"CN" 0.0238668671837629 0.00873459868110379 0.023298531841204 0.0100200442122319 0.0138067287442717 993 -2.93384733003569 0.00334788838858442
"CO" 0.00623726656981015 0.00466981942349743 0.00552542569458063 0.00401883198433284 0.0128464832308935 993 1.59684579441363 0.110300085125783
"CQ" 0.0373819990448351 0.0245012524043891 0.0556218672644912 0.0348999106943605 0.0376985232308417 993 -8.69215762895831 3.55620207412165e-18
"CT" 8.87237404168112e-05 5.9937423318166e-05 0.00021759138969873 0.000142117998803227 0.000828811759816281 993 -3.12455301519383 0.00178075429282892
"CU" 0.00872515737469378 0.00466935230748291 0.00811301984354872 0.00424613951223092 0.0113324297291838 993 1.17682091705063 0.239266992039111
"DA" 0.00418735175319825 0.00284331283454105 0.00641944644008942 0.00418369482263549 0.0101988244689722 993 -4.14145636761878 3.45107529014319e-05
"DB" 0.00165838198596128 0.00127282969086945 0.00341903438651951 0.00252324436717022 0.00639380406980997 993 -6.16267638958279 7.15255857204709e-10
"DE" 7.1987547917578e-05 6.27404655263092e-05 0.000366226825083344 0.000312854985538813 0.00121602283211967 993 -6.48144439691619 9.08486491873762e-11
"DI" 6.71366230278617e-05 6.61170080473463e-05 4.36974994387372e-05 4.31623294536107e-05 0.00208273541323271 993 0.347305562421095 0.72836177236869
"DK" 0 0 1.21072495997553e-05 1.20528501243557e-05 0 993 -Inf 0
"DM" 0.0044883366255073 0.00361532085728679 0.00637818119721692 0.00494350069236105 0.022703916009412 993 -1.84344733593436 0.0652637242131636
"DQ" 0.000880121415125545 0.000768168703328735 0.00420894568214781 0.00357736033760887 0.00521950660722679 993 -16.9600269875514 1.62269904598622e-64
"DR" 0.0209084220186512 0.0138103318719052 0.0269475247730445 0.017051078177572 0.0278318434434473 993 -3.66925323727183 0.000243260019274107
"DS" 0.00164212457110739 0.0012413011868653 0.00284008926512511 0.00210912901256842 0.0078614650575538 993 -3.4786017162924 0.000504037109042202
"DT" 3.14702920443102e-05 3.11406834326133e-05 8.34740427403974e-06 8.25515320693771e-06 0.000981241641611252 993 0.734953111294454 0.462368050781939
"DW" 8.04502078671987e-05 7.23558898250312e-05 0.000253844155734038 0.000224231125239389 0.00144907825554728 993 -3.30270473262718 0.000957571581021813
"DX" 0.000543312059299858 0.000394062994766919 0.00176939566978014 0.00123556586422601 0.00301932051305284 993 -8.78255762258979 1.59798657807494e-18
"DY" 0.00031789986879847 0.000293097222184807 0.000931643288636804 0.000847219815848979 0.00256603569869957 993 -6.80483796883405 1.01163030512862e-11
"EA" 0.000204899339796729 0.000187942024885379 0.000823993316696495 0.000746679609273743 0.0018004173571002 993 -9.77933489713323 1.38115143675951e-22
"EC" 2.56246652778098e-06 2.46848249970397e-06 8.54435351291298e-05 8.16706497648755e-05 7.77869760234744e-05 993 -32.0852037356393 7.09170838980035e-226
"EE" 7.28338163528914e-05 6.75919523609972e-05 0.000392428128242701 0.000359364382564211 0.00156014698028018 993 -5.89322960772924 3.78719586408222e-09
"EI" 5.90754544904181e-05 5.68435276946766e-05 0.000181205599896664 0.000173067881164852 0.00108673897724683 993 -3.37012895726608 0.000751330137089361
"EN" 0 0 0 0 0 993 NA NA
"EO" 0 0 3.12103530983298e-07 3.09255386389034e-07 0 993 -Inf 0
"EP" 0.0063459974496091 0.00579373863412598 0.00449297289959411 0.00414836923427894 0.0213913024413391 993 2.4238224983415 0.0153581100833305
"EQ" 0.00438646444304391 0.00299182841685058 0.00566341788443326 0.00399035866503666 0.0126506290288087 993 -2.48727456679376 0.0128726007946092
"ER" 0.00209416958400666 0.00175218292388985 0.000715079042883843 0.000613694403993241 0.00871955278947832 993 4.11442422765585 3.88147029165389e-05
"ES" 5.23937835116083e-05 5.05469924778793e-05 0.000257543714000854 0.000249567590000123 0.00112594857571104 993 -5.56998587903963 2.54759982092337e-08
"ET" 0.000283851322555754 0.00026742249739393 0.000320051724675177 0.000302355305728194 0.00339514143795833 993 -0.324227803423357 0.745765573974268
"EU" 9.49003899508046e-05 8.94740858882075e-05 0.00011173494646195 0.000105982209990631 0.00129114486010365 993 -0.402900103207043 0.687021715411067
"EV" 0.00141445779003134 0.00121054749786514 0.00128626063539365 0.00109800742718421 0.00912380473554866 993 0.388692200119757 0.697503852956699
"EW" 0.000184594335295053 0.000177604966997479 0.000234802484814294 0.000227005100620574 0.00253170139567712 993 -0.61487985807764 0.538634065535688
"EX" 0.000466935524820429 0.000442029616087859 0.000698905166338072 0.000665584684430595 0.00434317053046652 993 -1.6220052771417 0.104802218213916
"FA" 0 0 1.2139560005276e-05 1.20025626110732e-05 0 993 -Inf 0
"FE" 6.71366230278617e-05 6.02100279377297e-05 4.06729850151076e-05 3.6800840476819e-05 0.00189691300904933 993 0.388878156068217 0.697366281770877
"FF" 5.70354034304203e-05 4.88453574327229e-05 0.000421748038082666 0.000354474357551534 0.00123401185922743 993 -7.80458565687811 5.96973489753184e-15
"FI" 0 0 3.31158487203077e-05 3.08104086637523e-05 0 993 -Inf 0
"FS" 0 0 2.19261629225899e-07 1.27777499503038e-07 0 993 -Inf 0
"FU" 4.19603893924136e-05 3.99197127875954e-05 3.64473945501827e-05 3.45795227841694e-05 0.00125777075249983 993 0.133791906398959 0.893567127411918
"FY" 0.00042623086690177 0.000398081870587087 0.000639454872001921 0.000592668257982201 0.00911958177918504 993 -0.672375928902979 0.501344402934788
"GA" 0.000157833886193043 0.000138351337071652 0.000506391018257423 0.000434335670628217 0.00207804260956984 993 -4.48837257788136 7.17693308125369e-06
"GC" 7.10167353873723e-05 7.06044156627006e-05 4.34924122930596e-05 4.32217858428991e-05 0.00168415018998785 993 0.512352619478811 0.608404244714058
"GM" 0.000922372117404165 0.000625140223465657 0.00255393138138757 0.00177474255732096 0.00580011822422428 993 -6.24576177121193 4.21739560817454e-10
"GU" 0.000235185957882591 0.000218839884796783 0.000449421874480158 0.000415913999307581 0.00302882383452324 993 -2.05036034567279 0.0403292798114187
"GY" 6.91425521165907e-05 6.81856446318821e-05 0.000176815025293825 0.000174408143629654 0.00109286576169431 993 -3.06284005817372 0.00219247209207649
"HA" 0.000154865272202025 0.000145458249430029 0.000127656988115381 0.000120895826489762 0.00212499956212157 993 0.364239452552335 0.715679208579647
"HB" 1.46869141959356e-05 1.36707417786887e-05 6.33314583073762e-05 5.86255001288571e-05 0.000337061231078099 993 -4.20282676267126 2.63602326958676e-05
"HE" 0.000274230714304136 0.000212732007897525 0.000239685659582766 0.000190037998241541 0.00281170912815436 993 0.254340469557002 0.79923253730289
"HF" 9.7907575248965e-05 8.7247521308233e-05 6.3762427225686e-05 5.70355659190616e-05 0.00196228520556053 993 0.485167084916225 0.627557828350476
"HI" 0.000577664411516883 0.000493282475018727 0.000352808166372278 0.000308832483337087 0.00603095909354058 993 0.9637555264889 0.335168508515232
"HL" 0.0010454207935731 0.000889804489176307 0.000808919508253048 0.00067811578235564 0.00930276893051052 993 0.71706756797918 0.473332406124885
"HQ" 0 0 7.68568944026235e-05 7.4047426325183e-05 0 993 -Inf 0
"HT" 0.000313737093053723 0.000265046199199356 0.000441736429184305 0.000367521715165227 0.0032260725883217 993 -1.00096894310243 0.316841823308245
"HY" 0.0072311149830593 0.00476017629982976 0.00669965742043091 0.00433489143061132 0.0186522078796419 993 0.718495924215397 0.472451560075328
"IA" 0.00786569996454708 0.00516353661706635 0.0172091738253798 0.0110349385073841 0.0275535506388192 993 -6.71488935885861 1.88208972358741e-11
"ID" 0 0 1.42591479815644e-05 1.39102911024509e-05 0 993 -Inf 0
"IF" 5.09685708748783e-05 4.89616115435486e-05 5.94872608969498e-05 5.71726428368316e-05 0.00115977315763734 993 -0.223099850123875 0.823457794998544
"IG" 0.00376406259381543 0.00277720915995289 0.00431139232899385 0.00316189881627115 0.013180047212933 993 -0.919746549605201 0.357705220902473
"IH" 2.50532727874118e-05 2.43720391637016e-05 4.97817718785762e-05 4.81417605640215e-05 0.000546405811428906 993 -1.37082938699623 0.170428147767563
"II" 1.39867964641379e-05 1.35747323701841e-05 4.66793578374729e-05 4.50268413648179e-05 0.000427746859842553 993 -2.31706152755288 0.0205003803675803
"IJ" 0.000350294158424608 0.000337323117454834 0.000147632015691106 0.000142828781087438 0.00436325759971815 993 1.40465842937406 0.160122872889878
"IK" 0 0 2.26332993712472e-05 2.22138173192196e-05 0 993 -Inf 0
"IL" 0 0 3.62052417440366e-07 3.55749243453013e-07 0 993 -Inf 0
"IM" 0 0 2.71492819811744e-05 2.65373369789733e-05 0 993 -Inf 0
"IO" 0 0 3.29926290991694e-06 3.2686556591089e-06 0 993 -Inf 0
"IP" 0 0 2.78426248819642e-06 2.75160212127558e-06 0 993 -Inf 0
"IQ" 0.00142324119238142 0.00137454260727583 0.00166390498069327 0.00161233677254419 0.00883141076455472 993 -0.848488056315306 0.396166221288549
"IU" 1.41837935974356e-05 1.39311248364814e-05 6.39637281270176e-05 6.28688282538579e-05 0.000438975118447182 993 -3.51300124882297 0.000443075394296205
"IX" 0 0 2.52767009699097e-06 2.51737336786803e-06 0 993 -Inf 0
"IY" 0.000117603268229077 0.000102384382293845 0.000303417753604683 0.0002617266710183 0.00287386083899413 993 -1.74718921681297 0.0806045215789867
"JA" 0.000187834357797239 0.00017888461488294 0.000766885431546541 0.000725036136045474 0.00203497213284268 993 -8.45725266431834 2.73750357827965e-17
"JB" 3.35683115139308e-05 3.28987189628943e-05 1.86353953326874e-05 1.82499748254697e-05 0.00103667188665025 993 0.445280520426363 0.656117043339376
"JI" 0.000557822138295991 0.000479577749049223 0.000253162462958562 0.000221381210004886 0.00469092996361839 993 1.73446720175055 0.0828352203248125
"JM" 0 0 2.84534852856102e-06 2.59893673171874e-06 0 993 -Inf 0
"JO" 5.03839572441739e-05 4.46880182721646e-05 9.93825084801637e-05 8.87418746944794e-05 0.000995115755729464 993 -1.39503451826252 0.163005430669212
"JS" 0 0 5.24775502777522e-06 4.97114044002065e-06 0 993 -Inf 0
"JU" 3.87326671314587e-05 3.62579372264723e-05 7.95271694507989e-05 7.39292339326666e-05 0.00114246319029287 993 -1.0390656254284 0.298774216416258
"JW" 0 0 5.9898657461441e-08 5.7984659631158e-08 0 993 -Inf 0
"JY" 0.000595566338935004 0.000535812662111961 0.00094264714810083 0.000835300710328195 0.00898740389350634 993 -1.05007389131255 0.293684141483471
"KA" 0 0 5.30703708112536e-06 5.09794916374691e-06 0 993 -Inf 0
"KI" 0.0015181716378348 0.00131346296823997 0.00371015500302227 0.00313594211814622 0.0152345148905937 993 -3.76971539406242 0.000163433809723252
"KM" 0.0140842905130983 0.00997061682666089 0.0139576700819131 0.0095312168092173 0.035797893881795 993 0.386791763775034 0.698910375127796
"KU" 0 0 9.1407385378519e-06 9.00589780694986e-06 0 993 -Inf 0
"KV" 0 0 7.50491140743805e-06 7.34781550212014e-06 0 993 -Inf 0
"KY" 0 0 3.87757528354718e-06 3.85499612042514e-06 0 993 -Inf 0
"LE" 0 0 3.28319633544291e-05 3.24377072834255e-05 0 993 -Inf 0
"LI" 0.00341487112736009 0.00171717152675057 0.00531574608524175 0.00273092217344776 0.0076997456255647 993 -4.14886583335014 3.34126555469678e-05
"LJ" 0.00161103827795653 0.00115895942412579 0.00164256527428425 0.00119641266627901 0.00830269308439989 993 -0.14214940905767 0.886961991607127
"LQ" 0.000762271484580931 0.00066111802987921 0.000363198745625917 0.000311329968005461 0.0084851606556046 993 1.29903106769797 0.193933267487555
"MA" 0.00208088915233536 0.00164441893286627 0.00593670028990882 0.00449935475973783 0.00756321804270993 993 -11.8949974666497 1.25656834202746e-32
"MC" 0.00161454191141901 0.0010907216022328 0.000864148137604241 0.000572700703791174 0.0063018470076446 993 2.59032376249044 0.0095885704405179
"ML" 0 0 8.02593340739016e-06 6.48427946807781e-06 0 993 -Inf 0
"MM" 0 0 6.57381958141777e-06 6.49881798333781e-06 0 993 -Inf 0
"MQ" 0.000129067342216007 0.000108262768154118 0.000103411475006537 8.73203595472342e-05 0.00248630145435418 993 0.265428448853431 0.790679422852003
"MR" 0 0 1.84727722291754e-05 1.78623798181764e-05 0 993 -Inf 0
"MU" 1.10664763232739e-05 1.02369043290051e-05 5.72072892760668e-06 5.22783752377593e-06 0.00032254365875349 993 0.489376307872206 0.62457530623219
"MW" 0.000284925773257891 0.000261586935127072 2.59739431578407e-05 2.41956915253913e-05 0.00407450749859405 993 1.8359641572483 0.0663629578615552
"MY" 0.00403622679321469 0.00283977051236452 0.00327198249612285 0.00240069409618496 0.01458598031414 993 0.948591244777196 0.342828545632334
"NE" 0.00197721575586185 0.00165348792156684 0.00346007721183814 0.00284791215799607 0.0105505647930635 993 -3.56744694108508 0.000360476340868064
"NI" 0.00276864526359213 0.00227112500545519 0.00870059929431603 0.00689029172303535 0.01396108487997 993 -10.4260329729342 1.8859873065934e-25
"NM" 0 0 3.36711501749196e-06 3.3022962880088e-06 0 993 -Inf 0
"NN" 0.000232405215591774 0.000206627918792065 0.000984351171957393 0.000851086866654593 0.00375533439152107 993 -5.40780804623986 6.38007486688404e-08
"NQ" 0.00106646009768158 0.00096299835572708 0.000438004582802446 0.00040175552216137 0.00841005950311871 993 2.10293749419772 0.0354712337537756
"NS" 1.41837935974356e-05 1.36207064602636e-05 0.000156276367289233 0.000149100332242497 0.000429180250691061 993 -9.94738400310185 2.58899380420969e-23
"NU" 0.000148982140645808 0.000144358369503463 0.000101257343244974 9.82742491203983e-05 0.00319637202532786 993 0.45432706124617 0.649593441472674
"OA" 8.60569440629864e-05 8.17971123641682e-05 0.000127335070423898 0.000120724857861879 0.00182486579668059 993 -0.672206867712124 0.501452009483772
"OE" 0 0 4.38523109246035e-06 4.34100658792607e-06 0 993 -Inf 0
"OI" 5.88535331737749e-05 3.95088924556262e-05 0.000464547460581048 0.000304475282089782 0.00090100503045817 993 -9.26697938098554 1.91492032492197e-20
"OM" 1.57351460221551e-05 1.50228663537932e-05 6.87906984674301e-05 6.58505541502102e-05 0.000473389846817063 993 -3.38342098712114 0.00071588803300427
"OO" 9.7907575248965e-05 8.00622865480167e-05 4.22270430169772e-05 3.43208325358324e-05 0.00180047353017414 993 0.800567303815643 0.423382185512638
"OP" 0.000394062787337449 0.000310752925811991 0.000151900582555966 0.000117544804355567 0.00978812870920747 993 0.622014244904833 0.533932501304619
"OR" 0 0 2.09761169276166e-06 2.05444623063058e-06 0 993 -Inf 0
"OT" 0.00476099386883465 0.00355291410481243 0.00152311677253454 0.00119742704086088 0.0171620798902496 993 4.32499319458722 1.52536571314491e-05
"OU" 0 0 8.68064873788e-06 8.41905806581822e-06 0 993 -Inf 0
"OX" 0 0 7.47935272627758e-07 6.98026530573804e-07 0 993 -Inf 0
"OY" 0.000187412918865208 0.000171830415369445 9.02972854982692e-05 8.43189384764205e-05 0.00210644318804429 993 1.30915143797326 0.190483058203599
"OZ" 0 0 6.33200186172171e-06 5.3639942983353e-06 0 993 -Inf 0
"PA" 0 0 2.39834473337226e-06 2.31239480738618e-06 0 993 -Inf 0
"PC" 0.000201409869083585 0.000198345084794253 6.43758704558413e-05 6.3592235405582e-05 0.00624786681418481 993 0.679642953282564 0.496730565266289
"PD" 0 0 5.13898129862106e-07 5.12141310263164e-07 0 993 -Inf 0
"PE" 4.37847541486055e-05 4.28304837370441e-05 7.20128997837894e-05 7.06521495417372e-05 0.00134946934785446 993 -0.649672867327881 0.515903553697671
"PF" 0 0 2.03692597936195e-07 2.03398432085208e-07 0 993 -Inf 0
"PG" 0 0 9.88327848113776e-08 9.8325174221889e-08 0 993 -Inf 0
"PH" 0 0 7.14453866106344e-08 7.08126074472802e-08 0 993 -Inf 0
"PI" 0.000202874623584167 0.000190325045803351 0.000200090594497895 0.0001864003815985 0.00355874079412693 993 0.0347520774832238 0.972277434154888
"PJ" 0 0 4.09993261154996e-06 3.86882309466587e-06 0 993 -Inf 0
"PK" 0 0 1.10927801271484e-05 1.0922826432375e-05 0 993 -Inf 0
"PM" 2.8993342794758e-05 2.82584546240194e-05 0.000195123178654971 0.00018929063404014 0.000629379405623498 993 -8.06259355470693 7.4692542465924e-16
"PN" 0.000682933198113952 0.000668615790387332 0.000440299136469872 0.000432085640904375 0.00566668299099647 993 1.31532238944313 0.188401576559286
"PO" 0.000992980184506313 0.00094363617505611 0.000650590340604207 0.000618920145430136 0.00561191788721222 993 1.82333741791842 0.0682523024206243
"PQ" 0 0 6.24945167785144e-05 6.21896713327651e-05 0 993 -Inf 0
"PS" 3.10473711235566e-05 3.00380009437921e-05 0.000116215844017614 0.000112773088333168 0.000723145586095958 993 -3.60527680505993 0.000311820386446249
"PT" 0.00057080974721305 0.000467300855154494 0.000523534296038783 0.000425443244954732 0.00446809259108538 993 0.295207161705006 0.767835631416969
"PU" 0.000141321839797951 0.000138730433737455 8.46469345008497e-05 8.31804082264173e-05 0.00212694529844477 993 0.823005175444948 0.410505050314311
"PW" 0.000274648069154321 0.000191251505400875 0.00085604643707309 0.000564737854843403 0.00238618190291931 993 -4.93225827387119 8.1284339953481e-07
"PY" 0.005690080260203 0.00401486502370427 0.0114750039627319 0.00779666454214054 0.0133984614117588 993 -8.89443153859126 5.87190957028799e-19
"PZ" 0 0 2.36329775311352e-05 2.33835602157968e-05 0 993 -Inf 0
"QA" 0.00603409967607315 0.00365364663315623 0.00875201133718875 0.00501504660886046 0.00871112501740121 993 -4.92477185554526 8.44588351233917e-07
"QC" 0 0 5.81466217306938e-07 5.6688099505877e-07 0 993 -Inf 0
"QD" 0 0 3.90129413729122e-08 3.85720285055637e-08 0 993 -Inf 0
"QE" 2.3283283738046e-05 1.98981767897789e-05 0.000286700682597331 0.000240540585719676 0.000504703882276726 993 -13.7761216519816 3.54828872540407e-43
"QF" 0 0 3.13668156391301e-06 3.07423828424972e-06 0 993 -Inf 0
"QG" 0 0 8.65128199289672e-06 8.51274359810334e-06 0 993 -Inf 0
"QH" 0 0 4.40674501104713e-06 4.34600938149132e-06 0 993 -Inf 0
"QJ" 4.0281973816717e-05 3.84246674089934e-05 4.32647402380423e-06 4.09321718338113e-06 0.00121079834671247 993 0.89350081752499 0.371589034521901
"QK" 0 0 3.68015431375875e-07 3.61228118229271e-07 0 993 -Inf 0
"QQ" 3.35683115139308e-05 3.32810673570128e-05 4.46166406640819e-05 4.41850468035201e-05 0.000781312402277102 993 -0.439779448428833 0.660096853905467
"QU" 0.000259338836588259 0.000221793087421317 0.000798491185598013 0.000661970397699257 0.00249496272327312 993 -5.55953175596712 2.70499377905745e-08
"RA" 0.000592184359836295 0.000425077970192777 0.000519680442852399 0.000364159039802812 0.00331257523454507 993 0.579510278177652 0.562244913443168
"RB" 0.000577694998360099 0.000525283703151074 0.000206096961728785 0.000189563860307716 0.00856807199666164 993 1.23472012881557 0.216934681871542
"RE" 0 0 1.16051008286607e-06 1.15033308733573e-06 0 993 -Inf 0
"RO" 0.000675962459836162 0.000363247007023929 0.000797921533570232 0.000417599759950061 0.00365447782469413 993 -0.468673975788711 0.639302691427072
"RP" 0.000605538044595334 0.000444512428361825 8.10880023253885e-05 6.26542627156829e-05 0.00650081792249082 993 1.85100973957004 0.0641681519504917
"RQ" 3.83383727930684e-05 3.22212787474765e-05 1.96786425369409e-05 1.60327313618497e-05 0.000795915859240877 993 0.640937004989918 0.521563612165839
"RT" 0.0777142216261504 0.0336408128532868 0.0975849160276244 0.0450144045071477 0.0457166432938831 993 -7.83967250432641 4.51723000544727e-15
"RU" 0.393032265763633 0.118909021114041 0.324858879605778 0.1185269504981 0.0379442659654392 993 0.317301486702492 0.751014849382236
"RX" 0.0183248190841097 0.0072158080827553 0.0159316081230218 0.00723296493122073 0.0141987531536875 993 -0.0380769304476249 0.969626344804353
"RY" 6.38305036266338e-05 6.08192113295012e-05 8.40983616613309e-05 7.99128710499846e-05 0.00145229676106113 993 -0.41429379990632 0.678658953971027
"RZ" 0.000465289645245852 0.00038913707061105 0.000286408747594171 0.00023742841557439 0.00668593033365046 993 0.715028142584655 0.474591653720435
"SA" 0.000917595944426065 0.000711282439846372 0.00207602450297354 0.00157157548585221 0.00608799166257701 993 -4.45294147906654 8.4701845960688e-06
"SD" 0.000409059466579384 0.000357223004273052 0.00126187985194498 0.00108307011410867 0.00303492885455388 993 -7.53652703597686 4.82652940447166e-14
"SI" 0 0 2.20382306488025e-05 2.15251497758129e-05 0 993 -Inf 0
"SR" 2.18923770743027e-05 2.15625011569095e-05 5.62329784692731e-06 5.53865010226745e-06 0.000679432958206031 993 0.74318154016667 0.45737177792854
"SU" 0.00598664406422382 0.00500984349102198 0.00679952263136635 0.00571653302157831 0.0264741903812431 993 -0.841163838186783 0.400256155873351
"SY" 0.000223658163173001 0.000216391636095855 0.000513184341670073 0.000496579348590864 0.00245497506894767 993 -3.59647150523512 0.000322562899330793
"TA" 0 0 2.59362443044125e-05 2.42276204270723e-05 0 993 -Inf 0
"TC" 0.00430123247906213 0.00368142053150083 0.00381355868996116 0.00324581875379289 0.0209566409573729 993 0.655001952918898 0.512466496691244
"TD" 0.0053324335584467 0.00405281842390809 0.00438465717754354 0.00335316409258594 0.0281373088903247 993 0.783566017897578 0.433294802068587
"TE" 3.94627471666747e-05 3.88797750920842e-05 1.56695189955547e-05 1.54211269451846e-05 0.00100775039971025 993 0.733541394484758 0.463228290363042
"TI" 3.85842661079665e-06 3.23229894835037e-06 0.000181143053900622 0.000147334439702465 0.000101859277476686 993 -44.5804518142513 0
"TM" 0.00522864630707038 0.00340162387293681 0.00661419692541075 0.00415681760093815 0.0157100009023552 993 -1.51480520486625 0.129821741994829
"TQ" 0.00512602508683495 0.00376508188915646 0.00553757712903277 0.00399974076358875 0.0158186426815329 993 -0.467457779016341 0.64017239256695
"TU" 0.0190643074746421 0.0102824965050462 0.0367580610613026 0.0193468075387814 0.0251178014723372 993 -11.3717630087473 5.78080109954961e-30
"UA" 1.33384019260652e-05 1.18273318209342e-05 0.000105434154201285 9.50714335641011e-05 0.000372694990133143 993 -7.03840966037827 1.94446304690883e-12
"UB" 0.000112354453346201 0.000109631755017073 0.000177383590796998 0.000172644336555554 0.00175679573222984 993 -1.13026590975602 0.258364194626136
"UE" 0.000480795578286416 0.000441052480564825 0.000372503950917326 0.000343768393318823 0.00461857240088185 993 0.66375633145734 0.506846279015645
"UF" 0.000529322357490569 0.000513344016173632 0.000334529931474968 0.000324764553968723 0.00433952335497731 993 1.36938947964703 0.170877561017604
"UH" 0.000173762059412158 0.000167895008031992 0.000134748841994561 0.000129574050251008 0.00213727341573114 993 0.565003184392703 0.572071598234765
"UI" 0.00181333281951189 0.00176773550131826 0.000711037899186005 0.000693387721329997 0.0124763105566557 993 2.71352194661252 0.0066572158406558
"UK" 2.63668622593468e-05 2.58654451173937e-05 8.85722210431201e-05 8.66715950535531e-05 0.000588929293723168 993 -3.25356114802229 0.00113968194118597
"UM" 0.0527370592020943 0.0241763648743323 0.0334237833280423 0.0159162987798834 0.031143752239178 993 8.35770833012337 6.39483122145859e-17
"UN" 4.57749702462693e-05 4.54239171896498e-05 1.07839097848258e-05 1.07092158366618e-05 0.0014312750871931 993 0.764301911350075 0.444687346629562
"UP" 0 0 2.70015356391194e-05 2.69104662922906e-05 0 993 -Inf 0
"UQ" 0 0 3.34204898087583e-06 3.29186542088988e-06 0 993 -Inf 0
"UR" 0.00123929764906284 0.00119464549739317 0.000652350302495757 0.000630607446094367 0.00873786672158506 993 2.03412487882699 0.0419390061488234
"UT" 0 0 6.86678413343636e-07 6.86073891253714e-07 0 993 -Inf 0
"UU" 0 0 1.7104494596442e-05 1.69154778424499e-05 0 993 -Inf 0
"UY" 1.48095491973224e-05 1.42109532649692e-05 4.83168933836667e-05 4.60309838355141e-05 0.000447787437598354 993 -2.23925375549442 0.0251394099710961
"VE" 0.0423829952633378 0.0213073971800204 0.0441980664328542 0.0236998391856256 0.0571938154388604 993 -1.31815649420438 0.187451265939316
"VI" 0.0240900314939411 0.0100868812483642 0.0146558175148657 0.00708704064191421 0.0189814417055681 993 4.98016358355924 6.3530549725464e-07
"VJ" 0.00717674892264332 0.00421665144294383 0.00553039770394389 0.00348919434114318 0.010781889216518 993 2.12611693684828 0.0334935240212025
"VM" 0 0 2.33613000922393e-06 2.30106869065219e-06 0 993 -Inf 0
"VP" 0.000129172553153886 0.000102123678853893 9.69784394116877e-05 7.79594225292099e-05 0.00174604552400379 993 0.436106435450069 0.66275950820767
"VS" 0.00184813493769971 0.00136734640537211 0.000709869563601449 0.000557623630055539 0.00681527816460049 993 3.74392717981907 0.000181166179106134
"VX" 0.045853533930546 0.0221060031727196 0.0208230476978664 0.0115789647310228 0.0372098327207801 993 8.91503629205955 4.8765652156461e-19
"VY" 0.0181477450197844 0.0127237042534842 0.0198587551968912 0.0141174246589713 0.0301966511299414 993 -1.45442557054904 0.145828354875578
"WC" 0.0032834688011158 0.00208007885310333 0.00513010648975838 0.00336985914629686 0.009476845325854 993 -4.28870889679413 1.79714727104504e-05
"WE" 0.00228243661475373 0.0019024294666305 0.00169501808089471 0.00137480935091114 0.0111024461529466 993 1.49753607641926 0.134253825696995
"WF" 0.000171151936655478 0.000146789560704787 0.000674493132751486 0.000567902351129547 0.00147973569807639 993 -8.96786177164466 3.02326132201496e-19
"WH" 0.000456113029347398 0.000397076047913024 0.00161642648140518 0.0013872084744038 0.00653487506903385 993 -4.77452991359574 1.80127508854243e-06
"WM" 0.000209801946962068 0.000175618491733396 6.43944115941434e-05 5.40522537113276e-05 0.00347558613887465 993 1.10219781308182 0.270375682541106
"WQ" 0.000882803757864689 0.000765268308249523 0.00096141298814797 0.000850899229482772 0.00771399493543477 993 -0.349804901947818 0.726485119968517
"WU" 0.000227037977286297 0.000194419948788243 0.000196722389841976 0.000169732417290414 0.0038584225626161 993 0.201624128312977 0.840210580933929
"WV" 0.000227984782365447 0.00019400706056357 0.000194450712806611 0.000164333694450042 0.00309209889600119 993 0.302404370512396 0.762343823435233
"WY" 0 0 5.17724064310583e-05 4.65046458894608e-05 0 993 -Inf 0
"XA" 4.19603893924136e-05 4.02205647380765e-05 4.87666459879009e-05 4.68727805080269e-05 0.00126728746339681 993 -0.165411543074393 0.868620068765589
"XE" 0 0 4.0869325305278e-06 3.95249538571499e-06 0 993 -Inf 0
"XQ" 0.000185338861484654 0.00016697194794945 0.000405759121155471 0.000361374910467309 0.00204939389271522 993 -2.98917998385336 0.00279727301402886
"XW" 0.0135187507862895 0.0105501738362605 0.00725120303817138 0.00576508634302046 0.0340055681059221 993 4.43419178101436 9.24183315834947e-06
"XY" 0.000373474843780048 0.000352481647022977 0.000750064243660507 0.000705716699978686 0.00438088782072883 993 -2.540833960712 0.0110588423483667
"YA" 0.00636470012357045 0.00521178830537165 0.0125755656300528 0.0100479592644888 0.0220945956363363 993 -6.89747621133789 5.29345037963996e-12
"YE" 2.05520274575087e-05 2.02015694884837e-05 5.47607331549421e-05 5.39557364513022e-05 0.000636551427455958 993 -1.67096949730655 0.0947277028780992
"YG" 0 0 1.52741576526675e-07 1.49844413926491e-07 0 993 -Inf 0
"YI" 0 0 1.31615902499636e-05 1.21048122340638e-05 0 993 -Inf 0
"YO" 0.00167038252539382 0.00118542642047928 0.00360650144723693 0.00248075381584589 0.0089045932991315 993 -4.58395226308897 4.56268446390254e-06
"YP" 0.000241776515422749 0.000205896591396028 0.000549054134943363 0.000452679161223564 0.00215319755870364 993 -3.61164643296304 0.000304259203337847
"YQ" 4.19603893924136e-05 4.00736566407922e-05 5.00703984595024e-05 4.79070099170466e-05 0.00126271240778958 993 -0.195487003429955 0.845011711169347
"YR" 2.05520274575087e-05 2.01606665375839e-05 1.217748704451e-05 1.19715219033284e-05 0.000635265865576982 993 0.406216580118926 0.684583472682737
"YU" 3.43750734416429e-05 3.02114635975418e-05 0.000149026438143898 0.000127878174868646 0.000851557864215415 993 -3.61415708043904 0.000301326342861429
"YY" 0 0 7.94479792782313e-07 7.83032030517437e-07 0 993 -Inf 0
"ZA" 0.00024307631135916 0.000215961645437336 0.00123144607332846 0.00107558117906338 0.00216444691510354 993 -12.5150895376665 6.1738220766461e-36
"ZC" 0.000204087456622992 0.000179803706092894 0.000622728627386588 0.000540687194616493 0.00194727812545414 993 -5.84001081320567 5.21974342365943e-09
"ZD" 0.00153517896262927 0.00119910449794462 0.00892672651319942 0.00673250211614485 0.0108988598610897 993 -15.9987272553058 1.30413952125134e-57
"ZE" 0.000360215878367161 0.0003022337228664 0.00131270338179375 0.00106835293820945 0.00417115449362576 993 -5.78781583474195 7.13075277267242e-09
"ZK" 0 0 5.12527562566652e-05 4.40340810415893e-05 0 993 -Inf 0
"ZM" 0.00673078947267138 0.00510454996361325 0.00762836680912951 0.00583760302041102 0.0150903497647095 993 -1.530772766899 0.125825562406396
"ZQ" 0 0 1.1604130731329e-06 1.14641147338056e-06 0 993 -Inf 0
"ZR" 1.10664763232739e-05 1.08618533378917e-05 2.24732313575184e-05 2.19787855252212e-05 0.000342255741760628 993 -1.02354947072806 0.306048122067317
